0 1652.8000000000002 232.0 137.60000000000014 137.59999999999994
1 1860.3950056753686 722.533484676504 175.05561861520982 175.05561861520994
2 1393.5800227014754 691.6413166855846 236.83995459704875 236.83995459704875
3 1268.295119182747 1225.3893303064694 205.94778660612928 205.94778660612928
4 1201.3620885357545 1560.054483541429 147.59591373439275 147.59591373439275
5 1820.9216799091944 1613.2576617480122 199.08286038592496 199.08286038592496
6 1450.2156640181615 1654.4472190692377 199.0828603859252 199.08286038592496
7 1505.1350737797957 2279.155505107831 199.08286038592496 199.0828603859245
8 1786.5970488081734 2162.4517593643573 199.08286038592496 199.0828603859245
9 1790.0295119182754 2680.7536889897838 157.893303064699 157.893303064699
10 1491.4052213393886 2811.187287173666 157.893303064699 157.893303064699
11 1880.989784335984 1189.348467650397 168.19069239500573 168.1906923950055
13 1613.2576617480136 465.0987514188422 175.05561861520982 175.05561861520988
