0 1143.4602829162127 151.3645266594124 243.4994559303591 243.49945593035903
13 1184.5919477693149 324.11751904243727 134.91186071817174 134.9118607181719
2 1001.9673558215468 483.7083786724697 210.59412404787815 210.59412404787815
1 1459.3514689880321 470.5462459194769 197.43199129488585 197.43199129488573
3 804.5353645266599 858.8291621327535 151.36452665941238 151.3645266594125
11 1722.5941240478783 809.4711643090316 151.36452665941215 151.3645266594125
4 844.0217627856359 1135.2339499455934 98.71599564744281 98.7159956474427
12 1821.31011969532 1072.7138193688793 111.87812840043489 111.87812840043523
5 1714.367791077258 995.38628944505 167.81719260065256 167.8171926006528
7 1495.5473340587612 1865.732317736672 184.26985854189343 184.2698585418932
8 1794.9858541893368 1717.658324265507 184.2698585418932 184.26985854189297
10 1742.3373231773685 2471.190424374322 125.04026115342754 125.04026115342731
9 2133.9107725788913 2339.569096844396 131.6213275299242 131.6213275299242
6 1250.137355755045 996.0867906900656 198.9684465225639 198.9684465225639
