0 1817.379310344828 280.55172413793105 163.86206896551744 163.86206896551724
13 1812.4137931034484 479.1724137931035 114.20689655172441 114.20689655172418
2 1494.6206896551723 697.6551724137931 213.51724137931024 213.51724137931024
1 2080.551724137931 717.5172413793103 213.51724137931046 213.51724137931024
3 1368.0 1047.7241379310344 148.9655172413793 148.96551724137942
11 2179.862068965517 1070.0689655172414 144.0 144.0000000000001
4 1358.0689655172412 1390.344827586207 99.31034482758605 99.31034482758628
12 2160.0 1467.3103448275863 94.34482758620743 94.34482758620697
7 1598.8965517241377 2172.4137931034484 183.7241379310342 183.72413793103442
8 1864.551724137931 2174.8965517241377 168.82758620689629 168.82758620689629
10 1586.4827586206895 2790.620689655172 109.24137931034466 109.24137931034466
9 1780.1379310344828 2795.5862068965516 109.24137931034466 109.24137931034466
6 1564.1379310344828 1417.655172413793 233.3793103448279 233.37931034482767
5 1953.9310344827586 1420.1379310344828 228.41379310344837 228.41379310344814
