0 1359.4671890303623 161.41821743388834 139.20470127326143 139.2047012732615
13 1395.0088148873656 353.93535749265425 151.0519098922623 151.05190989226247
2 1218.781586679726 553.8570029382958 148.0901077375122 148.09010773751214
1 1713.4025465230166 509.4299706170421 183.63173359451525 183.63173359451514
3 1088.462291870715 980.3565132223312 142.16650342801177 142.16650342801188
11 1851.126346718903 878.1743388834475 156.9755142017625 156.97551420176262
4 1107.7140058765915 1292.826640548482 91.81586679725751 91.81586679725751
12 1836.3173359451519 1206.9343780607246 103.66307541625883 103.66307541625861
6 1205.4534769833494 1201.0107737512244 133.28109696376077 133.281096963761
5 1623.0675808031338 1141.7747306562194 168.82272282076406 168.82272282076428
7 1304.6738491674828 1913.3241919686589 165.86092066601373 165.86092066601373
8 1596.4113614103821 1926.6523016650344 168.82272282076406 168.82272282076406
10 1243.9569049951028 2521.9745347698336 127.35749265426057 127.35749265426057
9 1559.388834476004 2553.0734573947116 124.39569049951001 124.39569049951024
