0 1713.7787513691128 307.55750273822565 170.86527929901445 170.8652792990143
13 1708.6527929901424 456.2102957283678 105.93647316538863 105.93647316538863
2 1433.5596933187298 703.9649507119386 177.69989047097488 177.69989047097465
1 2000.8324205914564 591.1938663745891 191.36911281489552 191.36911281489563
3 1255.8598028477545 977.3493975903614 129.85761226725072 129.85761226725072
11 2197.327491785323 811.6100766703178 133.27491785323082 133.27491785323116
4 1040.5695509309967 1257.568455640745 95.68455640744787 95.6845564074481
12 2443.3734939759042 1033.7349397590363 112.7710843373493 112.77108433734941
6 1344.7097480832422 1114.041621029573 191.36911281489597 191.36911281489597
5 1775.2902519167576 1110.6243154435924 198.2037239868564 198.2037239868564
7 1167.0098576122673 1876.1007667031763 177.69989047097442 177.69989047097442
8 1653.9759036144574 1864.1401971522446 187.9518072289154 187.95180722891564
10 828.6966046002193 2436.538882803943 157.19605695509313 157.1960569550929
9 1457.480832420592 2511.719605695509 157.19605695509313 157.1960569550929
