0 1577.792103142627 282.6623690572119 190.06607574536656 190.06607574536656
2 1345.0829975825945 578.7268331990331 173.00886381950045 173.00886381950033
1 1839.7421434327157 588.4738114423851 173.00886381950045 173.0088638195004
13 1580.228847703465 419.1200644641418 107.21676067687372 107.21676067687343
3 1245.1764705882351 975.9161966156325 119.4004834810637 119.40048348106382
11 1937.211925866237 971.0427074939565 134.02095084609164 134.02095084609186
4 1215.9355358581788 741.9887187751813 75.53908138597899 75.53908138597899
12 1955.4875100725221 745.6438356164385 63.35535858178878 63.35535858178889
6 1396.2546333601936 1080.6962127316679 163.2618855761482 163.2618855761482
5 1817.8114423851732 1073.385979049154 168.13537469782432 168.13537469782432
7 1424.2771958098308 1866.5463336019338 170.5721192586625 170.57211925866227
8 1734.96212731668 1867.7647058823532 163.2618855761482 163.2618855761482
10 1340.2095084609186 2528.1224818694604 114.52699435938734 114.52699435938757
9 1734.96212731668 2550.0531829170022 109.65350523771122 109.65350523771122
