0 1302.3999999999999 195.2 128.0 127.99999999999997
13 1318.0019588638588 310.9892262487757 106.62487757100871 106.62487757100882
2 1094.3858961802152 430.9422135161607 168.82272282076394 168.822722820764
3 888.5406464250734 814.4955925563173 136.24289911851122 136.24289911851133
4 925.5631733594518 1044.0352595494612 115.5102840352597 115.51028403525959
11 1845.2027424094026 716.7561214495593 136.2428991185111 136.242899118511
12 1931.09500489716 980.3565132223309 100.70127326150805 100.70127326150805
6 1227.6669931439765 863.3653281096964 180.66993143976492 180.66993143976492
7 1440.916748285994 1754.8677766895203 180.66993143976515 180.66993143976492
10 1554.9461312438784 2369.441723800196 171.7845249755144 171.78452497551416
9 2129.535749265426 2212.466209598433 154.01371204701263 154.01371204701263
8 1882.2252693437808 1666.013712047013 204.36434867776666 204.3643486777671
5 1701.5553379040157 827.8237022526935 174.7463271302645 174.74632713026438
1 1613.1030160055411 437.7382215250455 154.01371204701286 154.01371204701275
