0 930.9528417223373 228.74531568283993 112.4341676824987 112.4341676824987
13 963.1548606216936 359.19078207175835 91.69388432359119 91.69388432359125
2 761.7557932680917 547.4907230934186 103.70141679453764 103.70141679453752
1 1274.2591110053063 470.5333558932621 100.42663521155237 100.42663521155225
3 796.1409998894383 777.2712308328943 91.6938843235913 91.69388432359119
11 1383.4184971048198 649.5547490964635 82.96113343563025 82.96113343563025
4 824.5224402753119 1035.9789758887405 91.69388432359119 91.69388432359096
12 1562.985687238519 853.1370041720559 77.50316413065434 77.50316413065445
6 1029.698522365953 803.8799827753094 121.16691857045964 121.16691857045976
5 1468.0170213319425 755.9851505434895 108.067792238518 108.06779223851811
7 1353.5445091119836 1404.2173581828617 161.86239076492234 161.86239076492257
8 1603.7629755696853 1292.1016654970658 166.31731895111307 166.31731895111307
10 1659.4495778970668 1978.9030942014385 176.71215138555772 176.71215138555772
9 1981.6893833648478 1867.5298895466763 173.74219926143087 173.7421992614311
