0 1639.0011350737798 885.5754824063564 199.08286038592496 199.08286038592496
13 1633.8524404086265 979.9682179341655 72.08172531214495 72.08172531214518
2 1426.1884222474455 1053.7661748013625 89.244040862656 89.244040862656
1 1860.3950056753688 1055.4824063564129 92.67650397275816 92.67650397275816
3 1259.7139614074913 1220.2406356413167 85.81157775255383 85.81157775255383
4 1173.9023836549375 1429.6208853575483 72.08172531214541 72.08172531214541
6 1372.9852440408624 1299.1872871736664 147.59591373439252 147.59591373439275
5 1805.475595913735 1292.3223609534618 154.46083995459708 154.4608399545973
7 1208.227014755959 1824.3541430192963 154.4608399545973 154.4608399545973
8 1810.6242905788877 1826.0703745743476 178.4880817253122 178.4880817253122
10 921.6163450624291 2255.1282633371166 151.02837684449491 151.0283768444947
9 1822.6379114642452 2243.114642451759 154.4608399545973 154.46083995459685
11 2031.026449180528 1280.1087561211996 88.31953736064816 88.31953736064816
12 1962.9066472274299 1456.2216536873816 72.21285921419462 72.21285921419417
