0 1377.1864053439915 429.3838847482623 210.09980741772415 210.0303299681812
13 1365.6202035743095 599.8392280545314 136.22103243760284 136.17598579989203
2 1063.6700008112591 662.3360559772639 199.39776034882243 199.33182193600874
1 1544.4401563189756 750.6115771203536 156.98617322700966 156.93425980993732
3 682.9152298594599 615.8252975255284 205.09483921593176 205.02701684846613
11 1686.5506236151996 819.9031152219186 167.74732219821567 167.69185020013424
4 762.6743339989891 280.4415971252598 145.592015492791 145.54386998502224
12 1623.330829561885 520.9454537694696 80.84456549608558 80.81783118209898
6 1136.9074671173428 1538.3105708558771 287.4462509846097 287.35119600743246
5 1571.8045327280634 1490.2806879497352 184.72770596417263 184.66661875981958
7 1130.2804642127983 2161.042845776883 217.8627204868941 217.7906759364687
8 1440.9212253633127 2083.201311411758 196.32496104712573 196.2600387716468
10 1112.470393906835 2622.709392676433 152.42106680451934 152.37066301258665
9 1472.8136768414324 2561.4298868996307 145.79406389997507 145.74585157725687
