0 1382.5501194224216 359.7190565822479 76.82479836132143 76.82479836132131
13 1359.1368475408763 410.2039240768304 62.191503435355344 62.19150343535529
1 1554.4913348025211 528.0019482308563 73.89813937612803 73.8981393761282
3 943.0858140413682 687.5653412052038 77.10882111944045 77.10882111944056
11 1642.1215202553126 769.0984389462517 80.90105822367536 80.90105822367525
4 956.0426241475036 875.5970976235117 67.62822835885356 67.62822835885356
12 1622.4666677808318 953.9907791223727 55.034733485493234 55.03473348549335
6 1096.094824433223 765.2204933197496 114.65135914049847 114.6513591404987
5 1540.5136029197524 807.2014202777609 92.06851567343097 92.06851567343097
7 1101.468184951357 1242.9055360710277 228.43906996344242 228.4390699634423
8 1474.4540457364951 1267.7187453946426 244.98120951251917 244.98120951251917
10 986.8547895041811 1697.8143736706402 139.42660477079073 139.42660477079085
9 1477.211068994674 1768.315396986945 170.14772107621934 170.14772107621934
2 1135.9612056673745 468.6390186596726 80.01920459864186 80.01920459864192
