0 2689.6 1432.0 150.39999999999964 150.4000000000001
13 2525.9826761271147 1446.999550692766 109.19162865654198 109.19162865654198
2 2253.0036044857607 1255.3333940084108 157.97937763074106 157.97937763074128
1 2450.4778265241857 1745.534109892034 181.2116390470269 181.21163904702667
3 1903.358070170665 1214.6769365299115 146.3632469225986 146.3632469225986
11 2132.195845121076 1970.887045630003 162.62582991399813 162.6258299139986
12 1747.7019186815514 1948.8163972845316 141.71679463934174 141.71679463934151
6 1605.9851240422108 1314.575660619938 164.94905605562712 164.9490560556269
5 1684.9748128575811 1772.2512105207607 164.94905605562712 164.94905605562712
8 935.7343821823745 1843.1096078404303 181.21163904702678 181.21163904702667
7 891.5930854914318 1476.039877463119 181.2116390470269 181.21163904702667
10 330.5339722881379 1525.989239508134 132.42389007282742 132.42389007282736
9 307.3017108718523 1962.7557541343003 132.42389007282736 132.42389007282736
