0 1093.2760180995474 1156.398190045249 124.56108597285083 124.5610859728506
2 1189.2217194570135 976.2895927601811 148.12669683257923 148.12669683257923
1 773.4570135746606 1001.5384615384617 171.69230769230762 171.69230769230774
3 1101.6923076923072 774.2986425339366 100.99547511312198 100.9954751131221
11 675.8280542986425 732.2171945701358 97.62895927601812 97.62895927601812
4 987.2307692307693 582.4072398190045 94.26244343891415 94.26244343891403
12 584.9321266968327 533.5927601809955 90.89592760181006 90.89592760180994
6 914.8506787330316 553.7918552036198 111.09502262443436 111.09502262443442
5 640.4796380090497 595.8733031674208 127.9276018099547 127.92760180995481
7 682.5610859728507 301.3031674208144 104.3619909502263 104.36199095022627
8 549.5837104072397 326.552036199095 100.99547511312215 100.99547511312215
10 534.4343891402716 85.84615384615384 97.62895927601812 97.62895927601807
9 443.34361402254103 99.76686139838466 53.544928086556695 53.54492808655672
13 1040.4177071509648 1140.9125993189555 76.00454029511911 76.00454029511934
