0 1857.5238095238096 614.6878306878307 224.3386243386242 224.33862433862436
2 1580.1371204701272 957.2184133202743 203.48677766895185 203.48677766895207
3 1387.032321253673 1474.2409402546523 166.11165523996078 166.11165523996078
4 1405.7198824681686 1845.915768854065 153.65328109696384 153.6532810969636
13 1868.756121449559 772.4191968658176 132.88932419196863 132.8893241919685
11 2398.237022526934 1472.164544564153 153.6532810969643 153.65328109696407
12 2439.7649363369246 1829.3046033300686 137.04211557296776 137.04211557296776
6 1640.3525954946128 1748.325171400588 215.94515181194902 215.94515181194902
7 1762.859941234084 2742.9187071498536 245.01469147894227 245.0146914789425
10 1912.3604309500492 3606.6993143976497 178.57002938295796 178.57002938295818
5 2159.45151811949 1719.2556317335948 224.25073457394728 224.25073457394706
8 2186.4446620959843 2747.0714985308523 211.79236043094988 211.79236043095034
9 2184.368266405485 3600.4701273261508 182.72282076395686 182.7228207639564
1 2302.0486088281095 1017.6912033647965 191.02840352595467 191.0284035259549
