0 1492.1142857142856 303.5428571428572 138.97142857142853 138.9714285714286
2 1203.3036574324642 578.5872011896973 175.22765716171057 175.22765716171057
1 1801.1391936312425 596.2572170379372 172.28265452033725 172.28265452033725
3 799.1020449039817 781.0561327841106 153.1401373514111 153.140137351411
11 2199.450800876979 776.6386288220508 147.25013206866424 147.25013206866413
4 1058.262277344831 566.0709399638608 88.35007924119861 88.35007924119861
12 1935.8730644740695 592.5759637362203 82.46007395845186 82.46007395845197
6 1322.6412432770974 1285.5827717263273 198.7876782926969 198.78767829269668
5 1783.5929218399133 1256.3740197452973 191.42517168926383 191.4251716892636
7 1354.2350428028465 2016.4847408402052 226.765203385743 226.765203385743
8 1848.259235893217 1990.715967728193 207.62268621681665 207.62268621681665
10 1372.6413093114293 2927.226807684893 148.72263338935113 148.7226333893509
9 2052.200668808315 2876.4255121212036 144.30512942729092 144.30512942729138
13 1499.869095997342 459.7728712139249 99.8429346997275 99.84293469972755
