0 1458.4592220828106 187.70388958594728 142.65495608532 142.65495608531995
13 1458.4592220828104 337.86700125470514 97.60602258469248 97.60602258469248
1 1666.8105395232137 452.3663739021331 176.44165621079037 176.44165621079043
2 1246.35382685069 463.6286072772897 183.94981179422825 183.94981179422825
11 2072.2509410288585 632.5621079046425 108.86825595984965 108.86825595984942
3 915.9949811794229 681.3651191969886 101.36010037641154 101.36010037641142
5 1655.5483061480559 1011.7239648682562 183.94981179422825 183.94981179422814
6 1263.2471769134254 1024.8632371392723 187.70388958594754 187.70388958594754
8 1584.2208281053954 1773.801756587201 176.44165621079082 176.4416562107906
7 1310.173149309912 1803.8343789209534 183.94981179422848 183.94981179422848
9 1552.311166875784 2492.70765370138 105.11417816813037 105.11417816813037
10 1343.9598494353827 2494.5846925972405 101.36010037641154 101.36010037641154
4 1116.0267347095169 438.0223633839994 79.24602175908262 79.24602175908268
12 1834.6440683884691 425.4150417405091 79.24602175908285 79.24602175908268
