0 1613.0750341064113 245.46793997271487 177.39699863574356 177.39699863574356
13 1608.9495225102319 398.11186903137786 103.13778990450214 103.13778990450209
2 1369.804183515029 470.7306349803108 154.79544579376534 154.79544579376528
1 1843.1902561168931 485.1302113332192 176.394810323128 176.394810323128
11 2183.3802474543536 666.9248627886877 161.9952339702195 161.99523397021937
4 1182.6096909272196 519.3292051713768 71.99788176454217 71.99788176454217
12 2071.7835307193136 504.9296288184683 71.99788176454194 71.99788176454206
6 1366.204289426802 953.1164428027423 169.19502214667364 169.19502214667364
5 1730.6935658597959 952.2164692806854 163.79518101433314 163.7951810143329
7 1285.2066724416923 1833.2905473742683 197.99417485249046 197.9941748524907
8 1772.0923478744076 1841.390309072779 206.9939100730578 206.9939100730578
10 1174.509929228709 2487.5712979095433 156.59539283787876 156.595392837879
9 1844.9902031610063 2515.470477093303 147.59565761731074 147.59565761731074
3 1038.4575363766016 713.1797887132323 111.84400528712536 111.84400528712547
