0 1430.69031377899 306.1391541609823 122.45566166439289 122.45566166439289
13 1422.5266030013643 408.18553888130975 97.96452933151431 97.96452933151426
2 1173.5334242837653 497.98635743519776 171.43792633015028 171.43792633015005
1 1661.31514324693 495.9454297407914 183.68349249658968 183.68349249658968
6 1224.556616643929 1075.568894952251 183.68349249658945 183.68349249658945
5 1593.9645293315145 1085.7735334242839 228.58390177353385 228.58390177353363
8 1651.1105047748977 1849.080491132334 212.256480218281 212.256480218281
10 1104.1418826739423 2498.0954979536145 138.78308321964528 138.7830832196455
9 1761.3206002728512 2514.4229195088674 130.61937244201886 130.61937244201863
3 953.1683715765763 834.5624149918452 135.77876282579996 135.77876282579996
11 1894.6341825997686 812.9262883397107 159.19236016371087 159.19236016371076
7 1180.5162835504589 1811.0947745894787 207.46490764194596 207.46490764194573
