0 1489.234015160917 208.34973978058343 136.36834730879013 136.36834730879002
13 1492.0750223965165 358.9231232673724 96.59424601039314 96.59424601039296
2 1250.5894073705342 411.48175712596844 127.84532560199068 127.84532560199062
1 1695.2070397419016 512.3375139897613 116.48129665959164 116.48129665959169
3 803.8410195724668 480.3761825892637 129.2658292197906 129.2658292197906
11 1972.205245212881 780.8126977539415 107.95827495279218 107.95827495279218
4 992.0577489309526 341.8770798537736 85.23021706799375 85.2302170679938
12 1815.949847254892 566.3166514661573 82.38920983239404 82.38920983239393
6 1334.399120820727 840.4738497015372 173.30144137158732 173.30144137158732
5 1742.7939109381982 906.527267929233 163.35791604698784 163.35791604698795
7 1414.6575752264218 1656.5531781275774 183.24496669618657 183.24496669618657
8 1666.7969673859038 1687.094005910275 176.14244860718713 176.14244860718713
10 1385.425297620146 2376.3741208673578 139.88107519265668 139.88107519265668
9 1742.0102368485532 2381.646852733679 142.19720634148007 142.19720634148007
