0 1565.8377192982452 278.6370614035088 123.07894736842081 123.07894736842107
13 1552.1622807017543 394.87828947368416 75.21491228070181 75.21491228070175
2 1254.72149122807 692.3190789473684 150.42982456140362 150.4298245614034
1 1888.9199561403511 574.3684210526316 181.19956140350882 181.19956140350865
3 1198.310307017544 1015.4013157894738 85.47149122807014 85.47149122807025
11 1988.066885964912 912.8355263157895 105.98464912280724 105.98464912280724
4 1138.4802631578948 1352.1589912280701 75.21491228070181 75.21491228070158
6 1253.0120614035086 1271.8157894736842 160.68640350877217 160.68640350877195
5 1745.327850877192 1258.1403508771932 188.0372807017543 188.03728070175453
7 1256.4309210526314 2051.315789473684 153.84868421052624 153.84868421052602
8 1613.701754385965 2049.6063596491226 164.10526315789502 164.1052631578948
9 1641.0526315789473 2692.351973684211 95.72807017543846 95.72807017543846
12 2023.0987788313914 1290.5420390285526 90.93253183704292 90.93253183704269
10 1187.2422360621122 2615.6054256836223 118.28340903002504 118.28340903002527
