0 242.29032258064515 1012.193548387097 188.96774193548396 188.967741935484
1 548.1935483870969 925.1935483870968 127.22580645161298 127.22580645161304
3 856.9032258064519 1293.7741935483878 134.70967741935476 134.70967741935488
4 1105.7419354838712 1243.2580645161293 74.8387096774195 74.83870967741927
6 1156.258064516129 1125.3870967741937 138.45161290322585 138.45161290322585
5 1121.6451612903224 881.2258064516129 125.35483870967732 125.35483870967732
7 1661.4193548387098 1059.9032258064517 138.45161290322585 138.45161290322585
8 1571.612903225807 936.4193548387098 134.70967741935465 134.70967741935488
10 2035.6129032258066 949.516129032258 97.29032258064535 97.29032258064524
9 1963.5806451612902 855.0322580645161 99.1612903225805 99.16129032258061
2 516.5199519762409 1211.5789706486366 155.29032258064535 155.29032258064558
13 412.71157167530225 1027.7720207253885 100.17271157167528 100.17271157167522
