0 1563.3786407766988 238.54368932038835 135.78640776699035 135.78640776699027
3 1049.5922330097087 774.3495145631068 121.10679611650494 121.10679611650494
12 1934.0388349514565 550.4854368932039 77.06796116504847 77.06796116504847
9 1616.5922330097078 2368.9223300970875 110.09708737864071 110.09708737864094
8 1666.135922330096 1702.8349514563097 143.12621359223294 143.12621359223317
6 1315.6601941747572 1011.0582524271844 139.45631067961153 139.45631067961153
2 1302.8155339805826 422.03883495145624 99.0873786407767 99.08737864077665
1 1756.0485436893205 442.2233009708738 124.77669902912635 124.77669902912623
11 2037.5730028762534 793.66218341657 137.08191265441974 137.08191265441974
10 1437.2552649765798 2352.510228729774 157.80582524271813 157.80582524271813
7 1370.590590579117 1709.8046298811964 160.2315131238331 160.2315131238331
5 1761.8210637191237 996.3943263221734 155.58506084057603 155.5850608405758
13 1561.8153981359023 321.10322188919395 121.55072402127462 121.55072402127456
