0 1220.9734513274336 115.40707964601769 194.01769911504425 194.01769911504422
13 1215.9557522123894 277.64601769911496 170.6017699115041 170.6017699115043
2 861.3716814159292 351.2389380530974 250.88495575221236 250.88495575221242
3 600.4513274336283 632.2300884955752 230.81415929203536 230.81415929203536
6 839.6283185840707 975.1061946902655 280.99115044247776 280.99115044247776
5 1339.725663716814 1067.0973451327434 264.2654867256638 264.26548672566366
7 766.0353982300885 1804.6991150442477 314.4424778761062 314.4424778761063
8 1180.8318584070798 1895.0176991150445 307.7522123893807 307.75221238938093
10 638.9203539823009 2537.283185840708 247.53982300884957 247.53982300884945
9 1070.4424778761063 2550.6637168141588 274.30088495575205 274.3008849557523
4 665.6814159292035 1035.3185840707968 180.63716814159295 180.63716814159295
1 1405.5728155339807 583.5145631067961 161.47572815534 161.47572815533994
11 1499.1553398058254 967.0194174757282 121.10679611650494 121.10679611650505
