0 1378.733405875952 2676.8487486398267 279.6953210010879 279.6953210010879
13 1386.959738846572 2405.3797606093585 144.78346028291617 144.78346028291617
3 1872.3133841131669 1778.533188248097 115.16866158868334 115.16866158868334
11 819.3427638737769 1818.0195865070727 121.74972796517932 121.74972796517955
4 1745.627856365615 1428.0914036996742 92.13492927094694 92.13492927094671
12 914.7682263329707 1416.5745375408055 88.84439608269872 88.84439608269872
6 1590.972796517953 1316.2132752992381 157.9455930359086 157.9455930359086
5 1059.5516866158866 1311.2774755168657 167.8171926006529 167.8171926006528
7 1456.0609357997832 809.4711643090325 157.9455930359086 157.94559303590847
8 1207.6256800870513 804.5353645266594 161.23612622415658 161.2361262241567
10 1446.1893362350388 213.88465723612615 92.13492927094671 92.13492927094669
9 1247.1120783460283 222.11099020674646 95.4254624591947 95.42546245919473
2 1648.5571273122948 2242.4983677910755 259.9521218715995 259.95212187159996
1 1077.6496191512515 2280.3394994559303 250.0805223068552 250.08052230685553
