0 1697.1126346718902 282.85210577864837 180.66993143976492 180.66993143976492
13 1667.4946131243883 392.4387855044074 133.28109696376123 133.28109696376094
4 1138.8129285014693 950.7384916748285 124.39569049951024 124.39569049951024
1 1854.088148873653 555.3379040156708 162.89911851126317 162.89911851126328
11 1962.1939275220373 820.4191968658179 148.09010773751197 148.0901077375123
12 1982.926542605289 1015.898139079334 130.31929480901067 130.3192948090109
6 1326.8873653281098 753.7786483839376 174.7463271302645 174.7463271302645
7 1359.4671890303625 1381.680705190989 239.9059745347697 239.9059745347697
10 1230.6287952987268 2079.185112634672 213.24975514201765 213.24975514201765
9 1808.1802154750244 2111.7649363369246 195.47894221351612 195.47894221351567
8 1757.8295788442704 1418.7032321253673 254.71498530852114 254.71498530852114
5 1794.8521057786493 771.5494613124388 174.74632713026426 174.74632713026426
2 1354.221089689951 527.6957933449703 143.2213836991407 143.22138369914057
3 1169.8590773012352 744.6376294359388 113.63579248777592 113.6357924877758
