0 1563.158786808571 308.06749486974013 202.16235574853636 202.1623557485364
13 1551.576568510477 479.69491146875805 128.45733021521596 128.4573302152159
2 1255.7035374410045 609.2051706201644 126.35147234283522 126.35147234283534
1 1776.9033608552 612.3639574287349 128.45733021521596 128.45733021521585
3 1038.800176585804 952.4600038182 134.7749038323575 134.7749038323576
11 2015.9182293703973 962.989293180103 138.98661957711874 138.98661957711886
4 831.3731761563162 1206.215877440061 115.82218298093221 115.82218298093221
12 2266.515316183687 1217.7980957381542 126.35147234283522 126.35147234283522
6 1333.620278719086 1099.870054884841 185.31549276949158 185.31549276949158
5 1765.321142557107 1099.870054884841 189.52720851425283 189.52720851425272
7 1243.0683902067217 1887.4608991551809 202.1623557485368 202.1623557485368
8 1847.4495995799489 1893.7784727723229 214.79750298281965 214.79750298281965
10 1117.7698468000763 2636.09337278648 178.9979191523505 178.99791915235073
9 1934.8427012837442 2633.987514914099 187.4213506418721 187.42135064187232
