0 883.2466230936818 76.26416122004356 61.69389978213496 61.69389978213508
13 866.6549019607844 143.89117647058825 54.579411764705924 54.57941176470588
3 401.07598039215685 326.64950980392155 69.46470588235286 69.46470588235292
6 678.9348039215687 422.57696078431366 92.61960784313715 92.61960784313726
7 655.7799019607842 844.3269607843137 122.39019607843147 122.39019607843147
10 623.528431372549 1175.9382352941177 104.19705882352935 104.19705882352946
9 1063.4715686274512 1136.2441176470588 117.42843137254897 117.42843137254908
8 1043.6245098039212 845.1539215686274 130.65980392156848 130.65980392156848
5 992.3529411764707 441.5970588235294 117.42843137254897 117.42843137254908
1 1013.0269607843138 192.681862745098 82.69607843137248 82.69607843137246
2 678.533356150823 199.7492489694135 77.73431372549021 77.73431372549021
11 1324.1673460959305 337.2733087056423 76.08039215686267 76.08039215686273
