0 2785.6000000000004 904.0 182.4000000000001 182.39999999999998
13 2715.9725759059747 977.3947110675806 100.70127326150805 100.70127326150794
2 2504.203721841332 978.875612144956 145.12830558276255 145.12830558276244
3 1971.0793339862887 1126.9657198824684 97.73947110675817 97.73947110675817
4 1671.937316356513 1319.482859941234 68.12144955925532 68.12144955925532
1 2825.559255631734 1193.6062683643486 154.01371204701263 154.01371204701263
11 2665.6219392752205 1569.7551420176299 124.39569049951024 124.39569049951024
12 2421.273261508325 1867.4162585700292 115.51028403525925 115.51028403525947
6 1975.5220372184126 1229.1478942213516 142.166503428012 142.16650342801177
7 1214.3388834476004 1705.9980411361416 183.63173359451525 183.63173359451525
10 534.6052889324192 1988.8501469147895 156.97551420176302 156.9755142017632
9 808.5719882468168 2464.2193927522035 148.0901077375122 148.09010773751197
8 1443.8785504407444 2104.360430950049 228.05876591576907 228.05876591576884
5 2228.756121449558 1443.8785504407438 192.51714005876602 192.5171400587658
