0 2786.860727728985 1521.485570890841 159.35759096612264 159.3575909661231
13 2646.4742785445424 1525.2797992471774 83.47302383939768 83.47302383939791
1 2525.0589711417824 1756.7277289836882 212.4767879548308 212.4767879548308
2 2356.2158092848204 1322.288582183187 170.74027603513196 170.74027603513173
11 2172.195734002509 2007.1468005018828 113.82685069008767 113.82685069008767
5 1864.863237139272 1711.1969887076525 273.18444165621077 273.18444165621054
6 1762.4190715181944 1327.9799247176911 166.9460476787956 166.94604767879537
8 1071.8695106649939 1787.0815558343788 166.9460476787956 166.9460476787956
7 1051.0012547051442 1496.823086574655 163.1518193224589 163.15181932245923
10 459.1016311166875 1546.1480552070261 110.03262233375148 110.0326223337513
9 434.43914680050193 1832.6122961104138 91.06148055207024 91.0614805520704
12 1748.535007800203 1976.8857198240771 95.94189337754392 95.94189337754392
3 1944.4081282594295 1261.9998450892763 96.94937191484269 96.94937191484291
