0 327.9036144578314 346.1204819277108 142.42278203723987 142.42278203723993
2 289.8138006571742 794.9178532311063 185.4808324205915 185.48083242059147
1 852.8806133625412 523.3209200438116 198.72946330777654 198.72946330777665
3 380.89813800657174 1213.9058050383355 162.29572836801754 162.29572836801754
11 1265.2442497261777 670.711938663746 162.29572836801754 162.29572836801742
6 983.7108433734941 1160.9112814895948 208.66593647316552 208.66593647316563
5 1303.3340635268346 917.4676889375687 231.85104052573956 231.85104052573934
7 1636.2059145673602 1790.2212486308872 208.66593647316517 208.6659364731654
8 1886.273822562979 1454.0372398685652 178.85651697699905 178.85651697699905
10 2172.7754654983564 2260.5476451259588 129.1741511500545 129.17415115005497
9 2543.7371303395403 1810.094194961665 122.54983570646209 122.54983570646232
13 442.2496999125574 529.2616843191927 128.14882439773749 128.14882439773754
4 646.6899953374516 1421.4107263402175 114.59361729953389 114.59361729953366
12 1494.9441477014034 864.5498094415827 99.5180197593977 99.5180197593977
