0 1408.3682541194216 269.1555576719053 157.22166172691982 157.22166172691965
13 1414.8117648459347 435.3981344159433 103.09617162420977 103.09617162420966
2 1234.3934645035679 597.7746047240735 97.94136304299923 97.94136304299911
1 1645.4894488551035 560.4022425102975 115.98319307723591 115.98319307723574
3 1122.2763778622398 962.4773118447149 79.89953300876232 79.89953300876232
11 1666.1086831799455 936.7032689386626 105.67357591481505 105.67357591481505
4 1083.6153135031614 1264.0336138455282 74.744724427552 74.744724427552
12 1658.3764703081288 1222.7951451958443 90.20915017118364 90.20915017118341
6 1185.4227829820684 1066.8621856142272 123.7154059490515 123.71540594905173
5 1506.3096171624206 1050.109057725293 131.44761882086755 131.44761882086755
7 1096.5023349561877 1794.9788977102075 167.53127888934102 167.5312788893409
8 1439.2971056066845 1792.4014934196027 167.53127888934068 167.53127888934068
10 952.167694682294 2429.020353199096 141.75723598328818 141.7572359832884
9 1356.8201683073166 2449.6395875239386 141.75723598328796 141.75723598328796
