0 1482.6407766990292 262.3980582524272 183.495145631068 183.49514563106797
13 1466.126213592233 484.4271844660194 113.76699029126235 113.76699029126212
2 1256.9417475728155 711.9611650485438 194.50485436893223 194.50485436893211
1 1702.8349514563108 662.4174757281553 198.1747572815534 198.1747572815534
11 1880.8252427184466 1089.9611650485438 128.44660194174753 128.44660194174776
4 1258.7766990291261 1458.7864077669901 80.73786407766988 80.73786407766988
12 1957.8932038834953 1453.2815533980581 99.08737864077648 99.08737864077648
5 1796.4174757281553 1486.3106796116504 179.82524271844613 179.82524271844636
6 1321.1650485436894 1532.1844660194176 154.13592233009717 154.1359223300974
7 1354.1941747572816 2108.359223300973 139.45631067961176 139.45631067961176
8 1853.300970873788 2126.708737864078 146.79611650485458 146.79611650485458
10 1242.2621359223301 2631.3203883495144 113.76699029126212 113.76699029126257
9 1937.7087378640776 2710.2233009708743 117.43689320388376 117.43689320388376
3 1149.5954780011493 1135.5418318750387 117.63230625806455 117.63230625806455
