0 1207.9236016371078 191.27967257844472 135.55252387448832 135.55252387448843
13 1189.8499317871758 278.6357435197817 87.35607094133684 87.3560709413369
2 991.0395634379262 372.01637107776264 135.55252387448832 135.55252387448837
3 849.4624829467939 622.0354706684857 105.42974079126873 105.42974079126873
11 1509.1514324693044 652.1582537517054 117.47885402455654 117.47885402455665
4 733.489768076398 825.3642564802185 90.3683492496591 90.36834924965899
12 1578.4338335607094 850.9686221009549 105.42974079126884 105.42974079126873
6 983.5088676671214 653.6643929058664 156.63847203274224 156.63847203274224
5 1302.8103683492504 647.6398362892223 168.68758526603028 168.68758526603017
7 878.0791268758528 1232.0218281036834 222.9085948158255 222.90859481582538
8 1322.3901773533426 1257.62619372442 231.94542974079127 231.94542974079104
10 640.1091405184175 1744.1091405184175 174.71214188267402 174.7121418826739
9 1381.1296043656207 1771.2196452933151 180.73669849931798 180.73669849931775
1 1435.9263450926376 415.54758684994243 141.57708049113216 141.57708049113216
