0 1610.2919508867676 61.22783083219631 114.29195088676647 114.29195088676643
13 1604.169167803548 132.6603001364257 77.55525238744895 77.55525238744893
2 1347.012278308322 210.21555252387446 151.02864938608468 151.02864938608454
1 1857.2442019099592 251.03410641200537 167.35607094133684 167.35607094133684
6 1367.4215552523874 753.1023192360162 191.84720327421564 191.84720327421553
5 1734.788540245566 785.7571623465211 232.66575716234638 232.6657571623466
7 1300.0709413369714 1636.8240109140518 253.07503410641198 253.07503410641175
8 1724.5839017735334 1718.4611186903144 277.5661664392908 277.5661664392908
10 1118.4283765347884 2414.4174624829466 183.68349249658922 183.68349249658922
9 1724.5839017735327 2469.5225102319237 179.60163710777624 179.6016371077758
3 1102.6108269936888 610.3489133582048 146.6310245334039 146.63102453340377
11 2116.553551830239 637.9108515967305 144.1077480980573 144.1077480980574
