0 1455.0133987129184 2424.301095096256 190.03309466945143 190.0330946694512
13 1454.604790616283 2170.757487395402 159.8026678763324 159.80266787633263
2 1755.4678381612298 1986.2939139825992 197.28724429176805 197.28724429176827
1 1076.7997177975465 2025.7513628409533 181.50426474842698 181.50426474842698
3 1779.1423074762415 1504.913037910683 157.8297954334148 157.8297954334148
11 1009.7220547383452 1532.5332521115313 142.0468158900734 142.0468158900735
4 1746.5899121681 1249.4260565528439 120.34521901797848 120.34521901797848
11 1046.220194932322 1223.7787147949136 128.23670878964936 128.23670878964958
6 1598.624478949274 1093.5691335623462 179.53139230550937 179.53139230550926
5 1201.090681701361 1102.4470595554762 197.2872442917685 197.2872442917685
7 1511.8180914608959 706.8861347504802 159.80266787633263 159.80266787633263
8 1276.0598345322328 705.8996985290214 169.6670300909209 169.667030090921
10 1525.6281985613186 235.3696208931535 116.3994741321435 116.39947413214344
9 1247.453184109926 215.64089646397656 104.56223947463718 104.56223947463738
