0 894.9559255631733 59.94123408423114 69.93143976493639 69.93143976493633
13 894.9559255631734 108.22722820763957 59.94123408423104 59.941234084231155
2 758.4231145935355 171.49853085210577 76.59157688540643 76.59157688540645
1 1033.1537708129285 189.8139079333986 89.91185112634662 89.91185112634668
3 526.1508325171401 352.154750244858 88.24681684622925 88.2468168462292
6 723.4573947110675 494.5151811949069 76.59157688540643 76.59157688540643
5 993.1929480901076 499.5102840352596 89.91185112634673 89.91185112634679
7 724.2899118511264 924.9265426052891 111.55729676787462 111.5572967678745
8 896.6209598432908 919.0989226248777 96.57198824681689 96.571988246817
10 675.171400587659 1275.4162585700294 86.58178256611166 86.58178256611154
9 824.1919686581782 1266.258570029383 88.2468168462292 88.2468168462292
11 1277.913809990206 374.6327130264448 99.90205680705185 99.90205680705185
