0 1782.9073583614443 181.6960341605363 135.4648657562907 135.46486575629075
13 1769.2470357641714 325.1294214319032 103.59077969598707 103.59077969598724
2 1514.2543472817406 419.61331939637495 126.35798402477553 126.35798402477553
1 2003.7492403506908 594.9207927280462 110.4209409946236 110.4209409946236
3 1461.889777325528 753.1528628131252 117.25110229326015 117.25110229326015
4 1431.7232315898837 1186.298925168324 113.83602164394165 113.83602164394188
11 2054.9754500904646 917.0767339804013 117.25110229325992 117.25110229326037
12 2115.8777216699746 1291.0280650807504 111.55930121106348 111.55930121106326
6 1618.9834871941698 999.0386695640403 110.42094099462338 110.4209409946236
5 2071.4816732288364 1078.1547046065798 104.72913991242626 104.72913991242672
8 2054.9754500904646 1868.7458749237535 101.31405926310845 101.31405926310822
9 2213.2075201755433 2589.3278919299055 103.59077969598684 103.5907796959873
10 2058.390530739782 2612.0950962586967 101.31405926310799 101.31405926310845
7 1774.1978404298331 1844.2520395693841 194.55213464461121 194.55213464461144
