0 2835.881096471879 1164.7614374647717 167.87883802196484 167.87883802196484
13 2724.243035052599 1177.8412820860817 107.2119062172228 107.2119062172228
2 2443.449947340825 968.522798519123 178.6865103620371 178.68651036203698
1 2591.504484497942 1422.8970677254479 168.47585262706434 168.47585262706457
3 2121.814228689158 876.626878904361 137.84387942214335 137.84387942214335
11 2305.606067918682 1662.8475244973274 137.8438794221438 137.84387942214357
4 1777.204530133799 851.1002345669268 117.42256395219579 117.42256395219579
12 2017.1549869056776 1739.4274575096292 127.63322168717036 127.63322168716991
6 2035.0236379418825 1017.0234227602481 173.58118149455095 173.58118149455072
5 2144.7882085928472 1366.7384501830925 194.00249696449828 194.00249696449805
7 1280.7112977707086 1028.5104127120933 201.66049026572819 201.66049026572819
8 1416.0025127591084 1416.5154066410892 196.55516139824135 196.55516139824113
10 587.6629040093773 927.6801675792289 148.05453715711678 148.05453715711678
9 654.0321792867054 1387.1597656530403 148.05453715711678 148.05453715711678
