0 1783.9547511312217 608.9049773755657 150.51583710407272 150.51583710407238
2 1614.9058251176234 765.9290172631929 139.92975091790254 139.92975091790254
1 1962.138910728714 755.5638505285335 139.9297509179023 139.92975091790242
3 1316.9072814961646 934.3629767014088 103.6516673465942 103.65166734659431
11 2319.7371630744647 885.1284347117762 119.19941744858352 119.1994174485834
4 992.9958210380573 983.597518691041 98.46908397926461 98.4690839792645
12 2648.831206899901 908.4500598647601 103.65166734659442 103.65166734659431
6 1599.3580750156343 999.1452687930304 150.29491765256194 150.29491765256194
5 1915.4956604227468 1030.2407689970087 171.02525112188073 171.02525112188073
7 1578.6277415463155 1418.9345215467374 160.66008438722133 160.66008438722133
8 1876.6262851677739 1452.6213134343802 176.20783448920997 176.2078344892102
10 1433.5154072610833 1937.1928582797084 129.5645841832429 129.5645841832429
9 1868.8524101167795 1994.2012753203358 129.56458418324337 129.5645841832436
13 1790.221248630887 678.9923329682365 66.24315443592559 66.24315443592548
