0 2074.2792281498296 719.5005675368899 168.44494892168018 168.44494892167995
13 2074.319294809011 828.4818805093046 103.81978452497538 103.81978452497549
3 1625.8178256611166 1330.969637610186 128.7365328109695 128.73653281096972
4 1613.3594515181194 1621.6650342801177 120.43095004897168 120.43095004897145
1 2290.2644466209595 977.9823702252696 145.34769833496603 145.3476983349658
11 2425.230166503428 1353.8099902056806 132.88932419196863 132.88932419196863
12 2450.146914789422 1636.1998041136144 116.2781586679721 116.27815866797232
6 1791.929480901077 1414.0254652301667 161.95886385896165 161.95886385896165
7 1837.6101860920667 2115.847208619001 195.18119490695403 195.18119490695403
10 1843.839373163565 2657.786483839373 149.5004897159647 149.50048971596425
9 2074.319294809011 2672.3212536728697 153.65328109696338 153.65328109696338
8 2142.8403525954946 2138.6875612144954 182.72282076395686 182.72282076395663
5 2217.5905974534767 1428.560235063663 191.02840352595467 191.02840352595467
2 1767.930941337207 1022.0309989324935 161.95886385896188 161.9588638589621
