0 1588.965517241379 171.31034482758622 114.20689655172396 114.20689655172414
13 1588.965517241379 320.2758620689655 94.34482758620675 94.34482758620686
2 1335.7241379310344 459.3103448275863 173.79310344827582 173.79310344827587
1 1777.6551724137935 454.3448275862069 183.72413793103465 183.72413793103453
3 1045.2413793103447 749.7931034482758 119.17241379310349 119.17241379310337
4 1152.0 489.1034482758621 94.34482758620697 94.34482758620697
12 1961.3793103448274 518.896551724138 94.3448275862072 94.34482758620715
6 1343.1724137931035 1127.1724137931035 218.48275862068976 218.48275862068976
5 1757.7931034482758 1114.7586206896553 203.58620689655186 203.58620689655186
7 1395.310344827586 1844.6896551724137 193.65517241379325 193.65517241379303
8 1725.5172413793102 1847.1724137931033 188.68965517241395 188.68965517241372
10 1377.9310344827584 2467.862068965517 129.10344827586187 129.10344827586187
9 1730.4827586206898 2467.862068965517 129.10344827586187 129.10344827586187
11 2096.1893344970385 774.506330643658 119.17241379310349 119.17241379310337
