0 1626.1811589199347 273.4055706578694 142.57552470140513 142.57552470140513
13 1619.7535737899539 451.62497653462583 101.67271023788726 101.6727102378872
2 1331.096568861699 629.2600564904747 134.39496180870174 134.3949618087015
1 1911.3322083227454 655.5547229313079 128.55170259962756 128.55170259962756
3 1207.8037995502377 911.4894762887479 121.53979154873855 121.53979154873866
11 2002.4870519843003 959.4042018031548 116.86518418147989 116.86518418147966
4 1193.195651527553 1259.1633992286497 99.33540655425759 99.33540655425782
12 2093.6418956458533 1295.9759322458162 100.50405839607242 100.50405839607242
6 1349.7949983307358 1078.0223637473564 136.73226549233118 136.7322654923313
5 1816.6714091357467 1084.449948877338 140.23822101777523 140.23822101777546
7 1390.1134868733463 1803.1708315934375 163.61125785407148 163.6112578540717
8 1781.0275279603952 1810.7670685652338 169.4545170631452 169.45451706314543
10 1314.7354430762919 2586.7518915302585 113.35922865603516 113.35922865603516
9 1824.8519720284503 2613.0465579710917 114.52788049784999 114.52788049785022
