0 1248.4829467939971 126.85948158253751 129.95361527967248 129.95361527967253
13 1195.8826739427013 272.2837653478854 105.20054570259208 105.20054570259208
2 937.5225102319237 369.7489768076398 139.23601637107765 139.2360163710777
1 1364.512960436562 422.34924965893583 157.80081855388812 157.80081855388812
3 765.7980900409277 621.9208731241474 136.14188267394275 136.14188267394263
11 1485.1841746248297 691.5388813096862 157.80081855388812 157.80081855388812
4 669.8799454297407 754.9686221009549 105.2005457025922 105.2005457025922
12 1520.7667121418826 878.7339699863575 117.57708049113239 117.57708049113239
6 917.4106412005457 649.7680763983628 148.51841746248283 148.51841746248283
5 1242.294679399727 677.6152796725785 179.45975443383327 179.4597544338335
7 744.1391541609823 1200.5238744884036 247.53069577080487 247.53069577080464
8 1188.1473396998636 1276.3301500682128 232.06002728512976 232.06002728512954
10 510.53206002728507 1712.6030013642567 139.2360163710777 139.23601637107754
9 1096.8703956343793 1751.2796725784447 173.27148703956357 173.27148703956345
