0 2197.6941120432566 162.03971691483702 181.708939691463 181.70893969146314
13 2117.9821715182284 327.4634214452726 107.99682264681269 107.99682264681263
2 1728.8507629336798 457.74530273349166 159.4238810500574 159.42388105005728
1 2272.263346727961 574.3133017808453 207.4224688930849 207.42246889308512
3 1413.4314713937815 660.0250657862525 162.8523516102739 162.8523516102738
11 2359.689346013476 985.7297690067999 173.13776329092298 173.13776329092263
4 1304.5775311069142 878.5900640000407 126.8534107280027 126.85341072800259
12 2168.5521122814184 1276.29264898513 130.28188128821876 130.28188128821876
6 1459.7158239567016 936.0169458836635 159.42388105005762 159.4238810500575
5 1851.4185854614116 1063.7274742517207 222.8505864140584 222.85058641405828
7 1066.2988271718823 1634.5678225277318 212.56517473340966 212.56517473340955
8 1392.0035303924296 1780.2778213369243 226.2790569742749 226.2790569742749
10 663.4535363464689 2191.6942885628782 164.5665868903818 164.5665868903816
9 966.0160632855561 2367.4034047739633 166.28082217048996 166.28082217048996
