0 1051.620885357548 154.46083995459705 118.41997729852426 118.41997729852439
13 1041.5075411323821 303.1811771372055 88.90226723645617 88.90226723645611
2 759.3394755558036 449.09685488399765 110.16150505386952 110.1615050538694
1 1272.4601701488282 450.06318387569803 119.82479497087547 119.82479497087559
3 641.4473385683298 652.9922721328257 100.49821513686334 100.49821513686334
11 1440.1182502088836 624.4855668776579 103.39720211196504 103.39720211196516
4 611.9743043214614 872.8321177447149 80.2053063111506 80.2053063111506
12 1497.61482521507 845.2917414812478 88.90226723645583 88.90226723645594
6 837.6121238835535 756.3894742447915 127.55542690448044 127.55542690448044
5 1243.47030039781 755.4231452530911 125.62276892107911 125.62276892107911
7 817.3192150578408 1343.917501198761 154.61263867209755 154.61263867209755
8 1319.8102907421576 1336.1868692651574 162.34327060570217 162.34327060570217
10 751.125679126349 1875.8816111299477 116.92580799577377 116.92580799577354
9 1376.8237012524937 1829.9809840241683 115.95947900407305 115.95947900407305
