0 1507.1814882749204 563.1782764403929 110.18717365682369 110.18717365682369
13 1503.2859821355378 687.2779720235832 80.13612629587169 80.13612629587169
2 1272.338118157852 824.7336886560852 119.09118768969847 119.09118768969847
3 1115.9613717054913 1056.7945543878805 109.0741719027144 109.07417190271428
11 1785.988427679308 1024.5175035187099 113.52617891915133 113.52617891915145
4 1034.7122436555105 1280.5079069638568 86.81413682052778 86.81413682052766
12 1747.0333662854805 1260.4738753898878 93.49214734518387 93.49214734518387
6 1256.7560936003222 1040.6560289532954 105.73516664038607 105.7351666403863
5 1629.6116812269477 1057.351055264935 105.73516664038652 105.73516664038641
7 1113.178867320218 1550.4108323353676 163.61125785407148 163.61125785407125
8 1515.5290014307407 1565.436356015844 162.4982560999622 162.4982560999622
10 802.651377923715 2114.7027216687984 123.54319470613575 123.54319470613564
9 1472.6784338975312 2174.8048163907024 121.31719119791705 121.31719119791705
1 1708.3876922670697 806.2827690873808 112.41317716504227 112.41317716504238
