0 1469.4551564283483 316.63450464853753 181.8469520419103 181.84695204191053
13 1459.3525479815758 432.81450178642496 121.23130136127361 121.23130136127361
2 1254.7747269344263 602.0331932698691 186.89825626529682 186.89825626529694
1 1661.4047169170321 614.6614538283352 191.94956048868312 191.94956048868312
3 1148.697338243312 955.6244889069173 116.17999713788754 116.17999713788743
11 1757.3794971613734 948.0475325718378 121.23130136127338 121.23130136127361
4 1168.9025551368575 1248.6001338633282 106.07738869111427 106.07738869111449
12 1780.1103661666125 1268.8053507568738 116.17999713788709 116.17999713788731
6 1262.3516832695059 1145.0483972839074 191.94956048868335 191.94956048868312
5 1638.6738479117926 1127.3688325020548 176.79564781852378 176.795647818524
7 1295.1851607215176 1829.5001195527645 176.795647818524 176.79564781852423
8 1633.6225436884056 1837.0770758878443 186.89825626529705 186.89825626529682
10 1272.4542917162787 2496.2722770397695 151.53912670159207 151.53912670159207
9 1661.4047169170315 2511.4261897099286 141.43651825481948 141.43651825481902
