0 735.5197817189633 945.331514324693 221.59890859481584 221.59890859481584
13 839.2469304229195 1105.637107776262 117.8717598908595 117.8717598908595
2 700.1582537517053 1372.0272851296043 188.59481582537524 188.594815825375
1 1136.2837653478853 1157.50068212824 193.30968622100954 193.30968622100954
3 912.3274215552525 1730.3574351978173 179.16507503410662 179.16507503410662
4 1138.6412005457025 1999.105047748977 141.44611186903148 141.4461118690317
6 1235.2960436562075 1709.1405184174623 249.8881309686219 249.88813096862214
5 1525.2605729877214 1532.3328785811732 216.88403819918153 216.88403819918153
7 1878.8758526603 2399.869031377899 264.03274215552506 264.03274215552483
8 2142.9085948158254 2211.274215552524 292.3219645293316 292.32196452933204
9 2661.5443383356073 2729.9099590723054 198.02455661664408 198.02455661664362
12 1752.3593940616765 1582.201522462129 108.92689803351982 108.92689803352005
10 2432.6930262575943 2909.922417767136 184.96976855742923 184.96976855742878
11 1480.5916784363294 1336.1831871757217 130.44628691075422 130.44628691075445
