0 948.6177545182077 312.94386367050737 106.59704880817264 106.59704880817253
13 955.1401473140547 393.3867081526245 61.66500954789092 61.665009547890804
2 810.1980851841145 499.19441350748144 93.55226321647785 93.55226321647785
1 1130.5200424912832 490.4978897796849 93.55226321647774 93.55226321647791
3 633.3687693855863 677.4731499273084 93.55226321647785 93.55226321647785
11 1298.6528345620145 638.3387931522243 93.55226321647774 93.55226321647785
4 716.710455110302 511.51448878852625 57.31674768399262 57.31674768399262
12 1212.4123075946982 485.4249176051368 57.31674768399239 57.31674768399267
6 878.8956783017319 853.9600875939998 105.80770535485681 105.80770535485681
5 1141.2408107569254 820.6234133041136 105.80770535485703 105.80770535485681
7 940.4960547069566 1346.0383885251495 89.86407852056345 89.86407852056345
10 969.4844671329442 1722.8877500629956 89.86407852056345 89.86407852056345
9 1347.7832492920893 1673.6074489388159 89.86407852056323 89.86407852056345
8 1274.1998876525759 1327.3525811552427 96.0676720475301 96.06767204753032
