0 1714.9637635188103 304.4119458218696 166.81953165929644 166.81953165929656
13 1707.5495621117307 448.9888732599268 103.79881969911821 103.79881969911804
2 1467.5147915575205 594.4925758738686 109.35947075442755 109.35947075442766
1 1935.5362553794362 608.3942035121433 118.62722251327773 118.62722251327762
3 1227.4800210033104 843.7950981869285 107.5059204026577 107.50592040265781
11 2228.3972109590895 843.7950981869286 100.09171899557805 100.09171899557782
4 1074.5621169822887 1120.9008757765378 87.11686653318839 87.11686653318839
12 2310.8802016128534 1161.6789835154766 90.8239672367281 90.8239672367281
6 1497.17159718584 1007.8343043185698 135.30917567920733 135.30917567920721
5 1930.9023795000119 1009.6878546703399 135.30917567920733 135.30917567920721
8 1974.4608127666047 1650.0895012068622 185.35503517699613 185.3550351769959
10 1229.3335713550807 2347.024433472367 129.74852462389754 129.74852462389754
9 2104.209337390502 2404.484494377236 126.04142392035737 126.04142392035692
7 1439.4718835326512 1681.9240263603251 163.87712154495443 163.87712154495443
