3 880.5787424194045 726.211498179333 128.4409658259168 128.4409658259167
0 1409.3942814057964 181.3408384647015 138.47541628106637 138.47541628106657
13 1405.3805012237367 261.6164421058995 98.33761446046742 98.33761446046756
2 1166.5605803911726 357.9471664753372 110.3789550066474 110.37895500664735
1 1688.3520040589594 394.071188113876 114.39273518870687 114.39273518870675
11 1955.268386165943 757.3182945902972 114.39273518870709 114.39273518870709
4 1037.116169519741 427.1848746158704 92.31694418737766 92.31694418737777
12 1816.7929698848768 452.2710007537447 82.28249373222798 82.28249373222792
6 1170.5743605732325 1092.4689397922987 142.48919646312652 142.4891964631264
5 1643.1969770107853 1097.4861650198739 132.45474600797684 132.45474600797706
7 1211.7156074393465 1791.8701365162365 164.56498746445573 164.56498746445573
8 1583.9937193254023 1800.9011419258713 162.55809737342588 162.55809737342588
10 1189.6398164380169 2422.033625099641 148.50986673621628 148.50986673621628
9 1533.8214670496536 2453.140421510605 126.43407573488662 126.43407573488685
