0 1596.0953461975027 204.23155505107832 175.05561861520982 175.05561861520997
13 1639.3208069169016 319.30216823082003 121.92626570044877 121.926265700449
2 1392.4700886545174 476.2072806486109 147.9105518333315 147.9105518333315
1 1816.2138317446024 346.28584998419797 171.8960467252232 171.89604672522296
3 1174.601843386502 778.0247580382468 147.9105518333315 147.9105518333315
11 2277.9346084135163 386.26167480401733 155.9057167972951 155.9057167972952
12 2066.062736868473 274.3293653085233 99.93956204954861 99.93956204954836
6 1340.5015163887533 997.8917945472522 179.891211689187 179.8912116891869
5 1755.2506988943785 896.9528368772094 205.87549782206952 205.8754978220693
7 1421.4525616488863 1704.4644982375603 209.87308030405143 209.87308030405143
8 1815.2144361241067 1684.47658582765 217.86824526801547 217.86824526801524
10 1311.5190433943835 2418.0329712713346 145.91176059234044 145.91176059234067
9 1869.1817996308632 2396.0462676204347 153.9069255563045 153.9069255563045
