0 2078.356413166856 305.4892167990918 185.35300794551654 185.35300794551628
13 1989.7840370681847 467.2220187005255 97.92396385361008 97.92396385361002
2 1638.9739603761295 527.28878003341 123.16209886742695 123.16209886742695
1 2170.489083767116 704.4604878304051 126.19067506908505 126.19067506908493
3 1433.030778663381 791.7844349782122 102.9715908563735 102.97159085637327
11 2091.746102524006 1022.4609890045006 114.07637026245288 114.07637026245311
4 1234.1542747545036 1086.5658519395947 84.80013364642514 84.80013364642514
12 1953.9458853485653 1406.585403914794 90.85728604974133 90.85728604974133
6 1466.8498795818964 923.5274997503377 114.07637026245266 114.07637026245266
5 1857.5362095957832 1070.9182082310283 136.2859290746119 136.2859290746119
7 1158.944632413329 1629.1857547366615 140.32403067682253 140.32403067682253
8 1465.8403541813427 1768.5002600129296 142.34308147792785 142.34308147792785
10 722.3248966742947 2321.215416815522 104.99064165747893 104.99064165747905
9 1108.4683623856947 2527.663361228545 106.00016705803137 106.00016705803091
