13 1757.1008814887366 2232.2820763956906 192.51714005876602 192.51714005876602
2 2110.048971596474 2212.419196865818 250.57786483839368 250.57786483839345
1 1358.3153770812928 2264.368266405485 268.91283055827626 268.9128305582758
3 2217.002938295788 1760.1567091087165 213.90793339862876 213.90793339862876
4 2327.012732615083 1463.741429970617 128.34476003917734 128.34476003917734
11 974.8090107737512 1798.354554358472 174.18217433888333 174.18217433888321
12 670.7541625857004 1479.020568070519 140.5680705190989 140.5680705190989
6 1851.8315377081287 1187.1890303623893 216.96376101860915 216.96376101860915
5 1350.6758080313416 1223.8589618021542 210.85210577864837 210.85210577864837
10 1780.0195886385895 323.91772771792375 134.45641527913813 134.45641527913807
9 1283.447600391773 294.8873653281096 131.4005876591575 131.40058765915757
0 1789.8179948944148 2373.166922975922 292.3129627016617 292.31296270166195
7 1743.5409750158692 751.2850993081281 189.4613124387854 189.4613124387855
8 1300.5536491063663 758.4432433645461 192.96563526581895 192.96563526581895
