0 1704.6779617246561 361.4902477787277 103.74967169789238 103.74967169789238
13 1736.1733977758036 496.73535552776605 100.04432628011068 100.04432628011068
2 1580.5488902289644 707.940044341333 137.0977804579295 137.0977804579295
1 1956.6414501338245 617.1590816056771 155.6245075468387 155.6245075468389
11 2080.770521629517 878.3859335592992 137.0977804579295 137.0977804579295
6 1458.2724914421624 1082.1799315373023 144.5084712934929 144.5084712934929
5 1791.753579042531 1071.0638952839568 151.91916212905653 151.91916212905676
12 1960.3467955516064 1106.2646767528845 96.33898086232875 96.33898086232898
7 1320.4031916936422 1764.2039619542861 164.2258356911634 164.22583569116318
8 1695.7765304163017 1666.4504883285936 187.68666936132968 187.68666936132968
10 1119.0310360247156 2227.5554269400686 136.85486307596966 136.85486307596966
9 1635.1693767683723 2180.633759599736 136.85486307596943 136.85486307596966
3 1443.101645689302 927.1309101767835 103.75758293760282 103.75758293760282
