0 1421.5103373231777 169.46245919477695 207.30359085963005 207.30359085963005
13 1418.219804134929 301.08378672470076 115.16866158868334 115.16866158868334
2 1215.8520130576712 421.1882480957562 177.68879216539722 177.68879216539722
1 1640.3307943416762 444.22198041349304 171.107725788901 171.10772578890123
3 977.2883569096846 844.0217627856366 167.8171926006529 167.8171926006529
11 1875.6039173014133 827.569096844396 154.65505984766082 154.6550598476606
4 955.8998911860722 1105.6191512513608 144.78346028291617 144.78346028291617
12 1992.417845484221 1122.0718171926005 125.04026115342776 125.04026115342776
6 1210.9162132753 992.0957562568007 187.56039173014142 187.56039173014165
5 1697.9151251360186 988.8052230685532 167.81719260065302 167.81719260065302
7 1153.331882480958 1711.077257889011 197.43199129488585 197.43199129488585
8 1806.5027203482048 1702.8509249183903 180.97932535364498 180.9793253536452
10 1031.5821545157778 2467.899891186071 138.20239390641996 138.20239390641973
9 1964.4483133841136 2453.0924918389555 148.07399347116439 148.07399347116416
