0 1833.2792990142393 231.85104052573934 112.61336254107346 112.61336254107337
13 1838.2475355969332 332.8718510405257 82.80394304490665 82.80394304490676
2 1603.0843373493979 452.10952902519165 96.05257393209195 96.05257393209206
1 2071.75465498357 400.7710843373494 105.9890470974808 105.98904709748086
3 1285.1171960569552 763.4523548740415 89.42825848849952 89.42825848849941
11 2566.922234392113 558.0985761226725 109.30120481927725 109.30120481927713
12 2285.3888280394303 425.61226725082145 82.80394304490665 82.80394304490693
6 1427.5399780941948 892.6265060240962 142.42278203724004 142.42278203723993
5 1944.2365826944142 942.3088718510404 162.2957283680173 162.29572836801754
7 1175.8159912376777 1677.6078860898133 155.67141292442489 155.6714129244251
8 1844.8718510405256 1651.1106243154436 168.92004381161019 168.92004381161019
10 650.8389923329682 2335.0711938663744 132.48630887185095 132.48630887185118
9 1841.5596933187296 2386.4096385542166 149.04709748083224 149.04709748083224
