0 3806.855845629966 1792.7355278093075 283.95005675368884 283.95005675368884
13 3566.9298952457693 1839.8388396454473 153.74697824335226 153.74697824335226
2 3240.644641418211 1626.3013698630139 211.82917002417435 211.82917002417412
1 3525.9307010475422 2331.8291700241743 242.5785656728449 242.57856567284443
3 2605.157131345689 1677.5503626107977 191.3295729250608 191.32957292506035
11 2979.2747784045123 2608.5737308622083 194.74617244157935 194.74617244157935
12 2480.4512489927474 2734.987912973408 153.74697824335226 153.74697824335226
6 2239.5809830781627 1889.3795326349718 204.99597099113635 204.99597099113612
5 2393.3279613215145 2514.6172441579374 225.49556809024944 225.4955680902499
7 1335.8904109589039 2239.5809830781627 187.91297340854135 187.91297340854135
8 1399.0975020145042 2593.199033037873 211.82917002417412 211.8291700241739
10 543.2393231265108 2447.9935535858176 181.0797743755034 181.07977437550335
9 531.2812248186945 2675.197421434327 198.16277195809812 198.1627719580979
4 2188.5210577864837 1827.2282076395695 141.19490695396644 141.19490695396644
