0 2602.1327529923838 1344.8966267682263 272.2089227421111 272.2089227421111
13 2523.699673558217 1464.8531011969526 115.34276387377577 115.342763873776
2 2244.5701849836782 1494.8422198041349 184.5484221980414 184.54842219804118
1 2652.8835690968453 1635.5603917301416 170.70729053318792 170.70729053318837
11 2784.3743199129494 2108.465723612623 175.32100108813938 175.32100108813984
12 2966.615886833517 1875.4733405875959 115.34276387377577 115.34276387377554
6 1716.3003264417853 1884.7007616974977 179.9347116430904 179.9347116430904
7 1331.0554951033732 2436.039173014146 212.23068552774726 212.23068552774748
8 1566.3547334058776 2625.2013057671384 221.45810663764973 221.45810663764996
10 710.5114254624602 2899.7170837867225 161.47986942328578 161.4798694232859
9 807.3993471164322 2964.3090315560403 170.70729053318848 170.70729053318837
5 2235.647098603158 2166.539954338934 228.8829661692912 228.8829661692912
4 2018.4110470646574 1549.8165169328722 65.17794063396218 65.17794063396218
3 1783.356985554757 1761.0624541479158 165.95978852492794 165.95978852492817
