0 1418.4174757281553 2614.805825242718 102.75728155339812 102.75728155339812
13 1431.2621359223301 2491.864077669903 84.4077669902913 84.4077669902913
11 974.3592233009708 1752.3786407766934 190.8349514563106 190.8349514563106
2 1877.1553398058254 2233.135922330097 227.53398058252424 227.53398058252378
1 1042.2524271844661 2245.980582524272 216.52427184466035 216.52427184466023
3 1948.7184466019419 1746.873786407767 150.46601941747576 150.46601941747576
4 1847.7961165048546 1385.388349514563 95.4174757281553 95.4174757281553
12 1066.106796116505 1345.019417475728 80.73786407766988 80.73786407766988
6 1715.6796116504854 1334.009708737864 146.79611650485413 146.79611650485435
5 1196.3883495145628 1372.5436893203882 187.16504854368918 187.16504854368918
7 1578.0582524271845 767.0097087378641 157.80582524271858 157.80582524271836
8 1275.2912621359224 717.4660194174758 205.51456310679623 205.51456310679623
9 1372.5436893203882 161.4757281553398 135.78640776699035 135.7864077669903
10 1526.4126793430448 173.11919296603168 107.69469661167477 107.69469661167494
