0 1445.0750341064122 208.5675306957708 229.84993178717582 229.84993178717596
13 1436.5620736698497 408.6221009549795 127.69440654843106 127.69440654843112
2 1140.7366984993178 517.162346521146 191.5416098226467 191.5416098226467
1 1674.924965893588 532.0600272851296 178.77216916780344 178.7721691678035
3 968.3492496589358 817.244201909959 153.23328785811725 153.23328785811725
11 1938.8267394270126 898.1173260572987 144.72032742155534 144.72032742155523
4 798.0900409276944 1098.1718963165072 136.2073669849932 136.2073669849933
12 2221.8826739427013 1151.3778990450205 140.46384720327433 140.4638472032741
6 1425.9208731241474 1040.7094133697137 259.64529331514336 259.64529331514336
5 1779.2087312414733 1032.1964529331512 217.08049113233278 217.0804911323329
7 1483.3833560709413 1843.055934515689 272.4147339699862 272.4147339699862
8 2043.110504774898 1857.9536152796727 285.18417462482944 285.18417462482944
10 1672.7967257844475 2628.37653478854 200.05457025920873 200.0545702592085
9 2396.3983628922233 2560.272851296044 174.51568894952243 174.51568894952243
