0 813.6096256684493 186.13636363636368 106.12299465240642 106.12299465240642
13 832.1390374331548 268.67647058823536 65.69518716577545 65.69518716577542
2 712.5401069518716 331.00267379679144 96.01604278074865 96.01604278074865
1 994.692513368984 304.89304812834223 97.70053475935845 97.70053475935828
3 473.3422459893049 474.1844919786098 92.64705882352939 92.6470588235295
11 1204.4117647058824 427.0187165775401 85.90909090909076 85.90909090909082
6 789.1844919786097 667.0588235294117 121.28342245989302 121.28342245989302
5 1073.8636363636365 651.8983957219252 117.91443850267376 117.91443850267376
7 832.1390374331552 1062.072192513369 129.70588235294133 129.70588235294133
8 1156.403743315508 1019.1176470588235 134.75935828877004 134.75935828877004
10 865.8288770053475 1378.7566844919786 109.49197860962545 109.49197860962568
9 1282.74064171123 1329.0641711229946 121.28342245989325 121.28342245989302
