0 1874.1248581157777 296.90805902383653 161.32576617480117 161.32576617480137
3 1318.1538461538462 881.3538461538461 108.55384615384628 108.55384615384628
11 2155.5692307692307 1057.1076923076923 118.8923076923079 118.89230769230801
6 1403.4461538461537 1080.3692307692309 144.73846153846148 144.7384615384616
5 1811.8153846153848 1173.4153846153845 155.07692307692287 155.07692307692287
7 1209.6 1749.784615384615 170.5846153846153 170.58461538461506
8 1473.2307692307695 1889.3538461538462 170.58461538461574 170.58461538461552
9 1132.0615384615385 2473.4769230769225 160.24615384615367 160.24615384615345
10 930.4615384615383 2416.6153846153848 160.2461538461538 160.24615384615345
13 1845.415384615385 441.969230769231 87.87692307692305 87.8769230769231
12 1957.5250325026802 1376.992414393127 88.71927054165917 88.7192705416594
4 1270.9150257020124 1187.9817945435047 88.7192705416594 88.7192705416594
1 2048.377718832891 641.3920424403183 165.4153846153847 165.4153846153847
2 1560.3564986737401 604.5962864721484 165.4153846153847 165.4153846153846
