0 303.26440700674425 1312.6093197019509 238.81821595020546 238.8182159502055
13 531.944113789252 1347.5308512795755 114.9031039005705 114.90310390057061
2 624.3171973171616 1662.9511364968273 150.95113649682776 150.95113649682753
1 756.1178164972278 1184.188203577784 126.16811408690091 126.16811408690091
3 1105.3331322734712 1880.3658330930048 148.69813445956174 148.69813445956197
11 1154.899177093325 1159.4051811678569 103.63809371423986 103.63809371423986
4 1474.8254663851094 1893.8838453166013 117.15610593783617 117.1561059378364
6 1555.9335397266887 1591.9815723229456 162.21614668315829 162.2161466831585
5 1551.4275356521564 1238.2602524721701 148.69813445956152 148.69813445956174
7 2240.846159055579 1720.4026884471123 175.7341589067546 175.73415890675437
8 2174.3825989562292 1379.0728798013004 159.96314464589204 159.96314464589204
10 2742.139112347283 1813.902272993655 132.92712019869896 132.92712019869919
9 2661.031039005704 1424.1329205466222 128.42111612416693 128.4211161241667
