0 2790.6855277475524 1588.8574537540794 217.27965179543025 217.2796517954298
13 2629.4232861806304 1595.6474428726872 135.7997823721439 135.7997823721439
2 2386.6811751904274 1391.94776931447 183.32970620239394 183.32970620239394
1 2563.220892274212 1812.927094668119 176.53971708378685 176.53971708378663
11 2551.3384113166494 2305.2013057671393 149.37976060935807 149.37976060935807
4 2553.035908596301 1357.9978237214377 101.84983677910759 101.84983677910782
12 2749.945593035909 2062.459194776933 98.4548422198045 98.4548422198045
6 1729.7497279651786 1422.502720348204 142.589771490751 142.589771490751
5 1799.3471164309033 1896.104461371056 173.1447225244833 173.1447225244833
7 1037.1708378672477 1575.2774755168666 169.74972796517966 169.74972796518
8 1083.003264417846 1909.68443960827 166.35473340587578 166.35473340587578
10 463.41675734494015 1561.697497279652 108.63982589771484 108.63982589771467
9 492.27421109902076 2042.0892274211099 112.03482045701855 112.03482045701867
3 2260.945173360795 1179.3513426214397 89.11815788736021 89.11815788736021
