0 1645.2799999999997 521.5127272727273 84.7127272727273 84.7127272727273
13 1589.6872727272726 579.7527272727273 52.94545454545482 52.94545454545448
1 1636.0145454545454 700.2036363636364 103.24363636363614 103.24363636363637
11 1591.010909090909 919.9272727272728 60.88727272727283 60.887272727272716
12 1506.2981818181818 1009.9345454545455 55.59272727272719 55.5927272727273
10 761.0909090909092 1352.7563636363636 74.12363636363636 74.12363636363625
9 863.0109090909091 1452.0290909090909 76.77090909090907 76.77090909090907
8 1118.4727272727273 1246.8654545454544 100.59636363636355 100.59636363636355
2 1380.091269763283 618.5097722780615 92.65454545454531 92.65454545454543
7 1015.2424503681921 1110.5539788449664 100.96795409624326 100.96795409624315
5 1444.0872727272726 873.9181526234742 105.89090909090896 105.89090909090896
6 1250.4285162159376 788.6403155246157 87.88460564080492 87.88460564080503
3 1224.3006604848877 738.7598636744293 66.50726913358221 66.50726913358221
4 1127.508831299406 855.7413995611766 48.692822044229615 48.69282204422984
