0 1978.1828103683495 321.78990450204634 173.27148703956345 173.27148703956337
13 1969.9317871759893 474.4338335607094 107.26330150068225 107.26330150068213
2 1747.1541609822648 573.4461118690315 165.02046384720325 165.02046384720336
1 2153.517053206003 592.0109140518418 169.14597544338358 169.14597544338352
6 1747.1541609822648 891.1105047748977 198.02455661664408 198.02455661664408
5 2081.320600272851 936.4911323328786 206.2755798090036 206.27557980900394
11 2390.7339699863574 957.1186903137791 165.02046384720325 165.02046384720336
3 1448.054570259209 835.4160982264665 193.89904502046375 193.89904502046375
12 2630.0136425648025 1163.394270122783 156.76944065484304 156.76944065484304
4 1118.0136425648022 992.1855388813096 152.64392905866316 152.64392905866316
7 1615.1377899045021 1571.8199181446112 239.27967257844512 239.27967257844512
8 1978.1828103683492 1646.0791268758526 272.28376534788526 272.2837653478855
10 1501.6862210095496 2159.705320600273 144.39290586630273 144.39290586630295
9 1963.7435197817185 2205.085948158254 185.64802182810377 185.64802182810354
