0 1638.7995356437132 280.0281561819668 112.7169620724219 112.71696207242167
13 1588.5669764592649 381.71845892121684 63.70958725832543 63.70958725832543
2 1279.2079229452806 484.0213538456431 84.53772155431648 84.53772155431636
3 1172.6168827246208 633.4938470286372 72.28587785079208 72.28587785079219
11 1734.3639165312018 777.4530105450458 80.86216844325918 80.86216844325907
4 1017.018467689865 808.6952119890318 79.63698407290667 79.63698407290656
12 1646.1506418658269 978.3832472828406 83.31253718396374 83.31253718396385
6 1156.6894859100398 715.581199842249 96.78956525784042 96.78956525784042
5 1567.126249978097 807.4700276186795 113.94214644277417 113.94214644277417
7 959.4348022833015 1199.5290261314508 160.49915251616574 160.49915251616585
8 1263.280526130699 1266.9141665008337 162.94952125687018 162.94952125687018
10 628.6350222881506 1698.1790648648814 138.44583384982207 138.44583384982207
1 1779.6706209590106 570.2974952777447 112.56625842104859 112.56625842104859
9 948.9479056736172 1792.3085316218096 154.59263920374235 154.59263920374224
