0 1467.1999999999998 161.6 175.99999999999977 176.0
13 1478.970873786408 341.3009708737864 88.0776699029127 88.07766990291259
2 1212.9029126213593 522.9611650485438 135.78640776699058 135.7864077669904
1 1752.3786407766997 504.61165048543694 128.44660194174776 128.44660194174776
3 1038.5825242718447 763.3398058252427 110.09708737864082 110.09708737864071
11 1981.7475728155343 737.6504854368932 124.77669902912612 124.77669902912612
4 998.2135922330099 1064.2718446601943 88.07766990291259 88.0776699029127
12 1987.2524271844663 1047.7572815533981 84.40776699029107 84.4077669902913
6 1278.9611650485438 941.3300970873786 157.80582524271858 157.80582524271847
5 1655.1262135922332 924.8155339805825 161.47572815533977 161.47572815533977
7 1323.0 1634.941747572816 187.1650485436894 187.1650485436894
8 1662.466019417476 1629.4368932038838 183.49514563106777 183.495145631068
10 1323.0 2354.2427184466023 113.76699029126212 113.76699029126212
9 1726.6893203883492 2350.5728155339802 106.42718446601907 106.4271844660193
