0 1427.9280423280425 167.805291005291 145.64232804232802 145.64232804232807
13 1423.378640776699 279.5922330097087 94.4077669902913 94.40776699029126
2 1107.3003434671562 498.37780105657373 154.05062923599235 154.05062923599235
1 1688.658075226794 492.87599286957374 150.38275711132565 150.38275711132576
3 960.5854584804965 850.4935250245558 84.361058867329 84.361058867329
4 1043.112581285492 1215.4468014288714 69.68957036866323 69.68957036866323
12 1726.2537645046245 1242.0388743327032 64.18776218166317 64.1877621816634
6 1172.405073679986 1073.3167565980452 163.22030954765842 163.22030954765853
5 1609.7988245464653 1081.5694688785443 165.05424560999177 165.05424560999188
7 1170.5711376176525 1823.3966060923408 144.88094892432628 144.88094892432628
8 1618.9685048581305 1846.3208068715064 154.05062923599235 154.05062923599235
10 1083.4591746568233 2501.0359811244734 84.36105886732912 84.36105886732867
9 1688.6580752267937 2517.5414056854725 91.6968031166623 91.69680311666207
11 1821.7440143839322 888.9433950145656 88.40565490593144 88.40565490593133
