0 1532.6275579809003 136.1418826739427 165.02046384720302 165.02046384720327
13 1561.506139154161 321.7899045020464 99.01227830832204 99.01227830832192
2 1398.5484311050475 542.5047748976808 111.38881309686212 111.38881309686224
1 1831.7271487039561 365.10777626193726 169.14597544338335 169.1459754433834
3 1256.218281036835 862.2319236016372 140.26739427012285 140.26739427012296
4 1111.825375170532 1167.5197817189633 115.51432469304223 115.51432469304223
12 2165.893587994543 860.1691678035472 103.13778990450237 103.13778990450214
7 1330.4774897680766 1720.338335607094 255.78171896316508 255.78171896316485
8 1844.1036834924967 1677.0204638472032 235.15416098226456 235.15416098226456
10 1134.5156889495224 2378.357435197817 144.39290586630273 144.39290586630295
9 1883.2960436562073 2326.7885402455663 148.51841746248283 148.51841746248283
6 1384.8607594936707 991.1392405063291 188.65822784810143 188.65822784810143
5 1784.0506329113928 895.4430379746834 216.00000000000023 216.0000000000001
11 1998.100762029654 588.9075685130975 135.14896405410377 135.14896405410354
