0 1412.8 196.8 188.80000000000018 188.80000000000004
13 1399.4515181194906 350.9735553379039 85.89226248775708 85.89226248775702
2 1208.4152791380998 473.8883447600391 118.4720861900098 118.47208619000975
3 986.2801175318315 867.8080313418216 112.54848188050914 112.54848188050926
4 1017.3790401567092 1126.965719882468 109.58667972575904 109.58667972575927
1 1605.2967678746325 494.62095984329085 130.3192948090109 130.31929480901084
11 1774.1194906953965 897.4260528893242 112.5484818805096 112.54848188050948
12 1772.6385896180213 1174.3545543584721 85.89226248775708 85.89226248775685
6 1201.0107737512246 1103.2713026444665 156.97551420176296 156.97551420176296
7 1266.1704211557296 1793.3712047012737 168.82272282076383 168.82272282076406
10 1217.300685602351 2413.868756121449 88.85406464250718 88.85406464250764
9 1651.2047012732614 2379.808031341822 97.73947110675817 97.73947110675817
8 1602.3349657198823 1788.928501469148 171.78452497551393 171.78452497551416
5 1636.3956904995105 1132.8893241919686 156.97551420176296 156.97551420176296
