0 1465.661748013621 317.5028376844496 188.7854710556187 188.78547105561884
13 1448.3212536728697 432.42311459353573 88.85406464250741 88.85406464250735
2 1266.1704211557294 519.7962781586677 133.281096963761 133.28109696376112
3 863.3653281096963 727.1224289911852 103.66307541625872 103.66307541625872
4 995.1655239960824 547.9333986287953 71.08325171400577 71.08325171400588
11 2016.9872673849168 743.4123408423117 100.7012732615085 100.7012732615085
6 1252.8423114593534 968.5093046033303 124.39569049951024 124.39569049951024
5 1618.6248775710092 990.7228207639569 115.51028403525947 115.51028403525925
7 1279.498530852106 1694.1508325171403 148.09010773751243 148.0901077375122
8 1583.0832517140059 1671.937316356513 156.97551420176296 156.97551420176296
10 1282.4603330068562 2268.7404505386876 118.4720861900098 118.47208619001003
9 1596.4113614103817 2301.3202742409403 112.54848188050914 112.54848188050937
12 1912.8889189097908 565.2689384984295 82.05991421527233 82.05991421527233
1 1596.8466344692492 511.69387686176486 137.28852713701895 137.28852713701883
