0 930.9241190720011 165.86470923967505 67.8650038832352 67.86500388323529
13 905.9737499972823 238.71978693785405 49.90073814943776 49.90073814943767
2 717.3489597924079 301.59471700614563 67.86500388323532 67.86500388323526
1 1032.7216248968539 331.5351598958082 79.84118103910032 79.84118103910038
3 549.6824796102972 409.380311408931 59.880885779325354 59.8808857793253
11 1091.6044959131905 482.23538910711 57.884856253347834 57.88485625334778
4 447.88497378544423 565.0706144351766 47.904708623460124 47.904708623460124
12 1048.689861104674 628.9435592664568 47.90470862346024 47.90470862346024
6 652.478000198139 426.3465623797397 81.83721056507784 81.83721056507773
5 956.8725029097085 509.18178770780617 87.82529914301017 87.82529914301017
7 546.6884353213309 705.7906960165908 97.80544677289777 97.80544677289765
8 804.1762441724294 773.6556998998261 101.7975058248528 101.7975058248528
9 645.4918968572175 1036.1335825658678 71.85706293519024 71.85706293519013
10 396.5031585657496 976.561668259975 86.38343226699294 86.38343226699283
