0 1521.9364731653889 208.66593647316535 139.1106243154436 139.11062431544357
13 1523.592552026287 322.9353778751369 76.17962760131422 76.17962760131434
2 1260.276013143483 473.63855421686753 119.23767798466588 119.23767798466594
1 1770.348302300109 453.7656078860899 125.8619934282583 125.86199342825836
3 1084.73165388828 788.2935377875136 105.9890470974808 105.9890470974808
11 1919.395399780942 771.7327491785323 125.86199342825876 125.86199342825853
4 1107.9167579408543 1106.260679079956 86.11610076670331 86.11610076670331
12 1942.580503833516 1122.8214676889374 92.74041621029573 92.74041621029596
6 1303.3340635268348 847.9123767798466 145.73493975903602 145.73493975903602
5 1780.2847754654986 841.2880613362543 165.60788608981397 165.60788608981386
7 1298.3658269441403 1601.4282584884995 188.7929901423879 188.79299014238768
8 1707.4173055859806 1583.21139101862 192.10514786418412 192.10514786418435
10 1088.0438116100768 2354.9441401971517 112.61336254107368 112.61336254107346
9 1836.591456736035 2374.81708652793 112.61336254107346 112.61336254107346
