0 1665.3078903200649 255.41046616152227 116.92313118416223 116.92313118416237
13 1648.0692235429124 389.5722641228367 97.43594265346837 97.43594265346854
2 1370.7515406061173 434.54269919366845 127.41623270068976 127.41623270068976
3 1139.1537999913328 474.2665835062364 98.93495715582958 98.9349571558297
11 2104.5191395118527 582.1956276762326 92.93889914638567 92.93889914638555
12 1861.6787901293615 381.327684359851 74.95072511805279 74.95072511805273
6 1399.9823234021574 1223.773834686764 128.91524720305074 128.91524720305074
5 1827.201456575058 1208.783689663154 131.91327620777292 131.91327620777292
7 1531.4571378679889 2023.5542847402264 177.61822838476155 177.61822838476155
8 1816.9275859295021 1997.5594995011588 172.0606321172579 172.0606321172579
10 1616.0409049318405 2655.2408698033028 141.45825105155677 141.45825105155654
9 1806.2415003490546 2628.9612858620453 149.07702036632872 149.07702036632872
1 1893.6699029126219 477.08737864077665 146.79611650485413 146.79611650485424
