0 1465.4528931516666 191.15678184123476 158.2938919738142 158.29389197381408
13 1466.0664353686193 375.83298914401803 105.52926131587606 105.52926131587606
2 1197.3349443433067 525.5372900804933 144.7959632008533 144.79596320085335
1 1758.1125306381373 532.8997966839264 137.43345659742022 137.43345659742
3 997.9337238336558 897.9574157708239 106.75634574978153 106.75634574978164
11 1968.5575110529362 895.5032469030123 106.75634574978153 106.75634574978164
4 1121.8692516581168 1234.1785506609406 84.66882593948208 84.6688259394823
12 1856.8928275675325 1253.811901603429 89.57716367510398 89.5771636751042
6 1259.9162504724895 1145.2149292027893 174.24598961458628 174.24598961458628
5 1684.487464603805 1141.5336759010727 179.1543273502084 179.1543273502084
7 1340.9480117463795 1920.5385412573137 182.19314586519863 182.1931458651984
8 1620.3561570844263 1922.5780167707298 183.55279620747638 183.55279620747638
10 1379.0182213301516 2611.2409151343354 116.92992943587387 116.92992943587387
9 1591.1236747254568 2607.1619641075026 119.64923012042891 119.64923012042891
