0 1721.4299788881074 268.9317382125264 112.59676284306852 112.59676284306826
13 1721.4299788881078 399.54398311048567 85.57353976073182 85.57353976073199
2 1514.2519352568615 557.1794510907812 193.66643209007748 193.6664320900773
1 1944.3715693173822 572.9429978888107 189.16256157635485 189.16256157635485
3 1135.9268121041518 660.768472906404 103.5890218156228 103.58902181562291
4 1250.7755102040815 473.85784658691057 81.06966924700941 81.06966924700919
12 2122.274454609431 498.62913441238555 76.56579873328656 76.56579873328644
6 1516.5038705137226 1108.9035890218152 198.17030260379988 198.1703026038
5 1901.5847994370158 1111.1555242786767 193.66643209007725 193.66643209007725
7 1466.9612948627728 1915.0964109781848 171.14707952146387 171.14707952146387
8 1813.7593244194222 1955.6312456016883 171.14707952146364 171.14707952146364
10 1453.4496833216042 2478.080225193527 99.08515130189971 99.08515130189971
9 1741.6973961998592 2509.6073187895854 108.09289232934589 108.09289232934589
11 2281.1688460621253 711.569972029755 99.08515130190017 99.08515130190005
