0 960.0 628.0 141.33333333333337 141.33333333333337
13 995.9999999999999 722.6666666666666 101.33333333333326 101.33333333333326
3 789.3333333333333 998.6666666666665 125.33333333333326 125.33333333333337
6 1048.0 1177.3333333333335 168.0 168.0
7 1216.0 1764.0 178.66666666666652 178.66666666666674
8 1424.0 1756.0 178.66666666666652 178.66666666666674
10 1489.3333333333337 2282.666666666667 154.66666666666697 154.66666666666652
9 1681.3333333333326 2282.666666666666 149.33333333333326 149.33333333333348
2 873.8321906627493 745.6402220045708 126.41723800195894 126.41723800195882
4 816.2637936663403 1236.2637936663405 98.1390793339865 98.13907933398627
5 1362.1390793339865 1185.6258570029386 117.36206333659811 117.36206333659811
1 1251.8551626872584 882.4323893976352 101.88965066927858 101.88965066927847
