0 241.12599318955736 1713.3530079455168 247.91827468785476 247.91827468785482
13 387.1600454029512 1713.3530079455168 98.48808172531221 98.48808172531221
1 613.0034052213396 1569.0170261066964 142.63791146424546 142.63791146424524
2 463.57321225879684 1945.988649262202 163.01475595913735 163.01475595913735
3 803.1872871736664 2013.911464245176 115.46878547105564 115.46878547105553
4 1144.49943246311 2008.817253121453 98.48808172531199 98.48808172531199
6 1183.5550510783203 1776.1816118047673 176.5993189557321 176.5993189557321
5 1185.253121452894 1502.7922814982971 173.2031782065833 173.2031782065833
7 1883.1600454029513 1718.4472190692395 149.4301929625426 149.4301929625426
8 1867.8774120317821 1428.077185017026 139.24177071509644 139.24177071509666
9 2431.6367763904655 1275.250851305335 105.28036322360958 105.28036322360936
10 2479.182746878547 1645.4301929625426 105.28036322360958 105.28036322360958
11 901.1165523996083 1498.930460333007 84.9833496571988 84.98334965719891
