0 1164.8281053952321 146.07779171894606 147.97490589711424 147.9749058971142
13 1153.4454203262235 297.8469259723965 110.03262233375176 110.03262233375156
2 866.9811794228355 443.9247176913425 174.5345043914681 174.53450439146803
1 1373.5106649937266 430.6449184441656 185.91718946047672 185.91718946047683
11 1705.5056461731497 455.3074027603513 98.6499372647429 98.6499372647429
3 648.8130489335007 487.5583437892095 110.03262233375153 110.03262233375148
5 1362.1279799247177 965.6311166875786 185.91718946047672 185.91718946047672
6 899.232120451694 977.0138017565872 178.32873274780445 178.32873274780445
8 1310.9058971141778 1733.9623588456705 227.6537013801758 227.6537013801758
7 959.939774153074 1743.4479297365124 223.8594730238393 223.85947302383943
9 1208.4617314930993 2432.1003764115435 136.59222082810538 136.59222082810538
10 1033.9272271016312 2420.7176913425346 129.00376411543277 129.00376411543266
12 1388.507385095318 333.05411599681554 95.14164199050242 95.14164199050236
