0 367.66715011510223 1139.367551662906 158.2302653735374 158.23026537353758
13 504.84258178974176 1270.1627307015156 116.1205979757413 116.12059797574148
2 370.85727643311714 1427.1169455478473 146.74581062868396 146.745810628684
1 797.0581525199041 1188.4954969603348 123.776901138977 123.77690113897688
3 301.3125227003932 1822.054583718088 127.6050527205951 127.60505272059504
11 924.6632052404989 1261.2303770110746 65.07857688750335 65.07857688750346
6 1094.37792535889 1807.3800026552199 174.818922227215 174.8189222272149
5 1299.184034975444 1515.8024571886608 137.81345693824233 137.81345693824233
7 1726.022936325834 2155.7417965824434 195.23573066250992 195.23573066250992
8 1904.670010134667 1803.551851073602 169.71472011839114 169.71472011839114
10 2490.3772021221966 2422.4363567684863 133.98530535662485 133.98530535662485
9 2578.424688499408 1933.7090048486093 113.56849692132937 113.5684969213296
