13 1402.1611804767308 370.7060158910329 89.244040862656 89.2440408626561
2 1103.5368898978427 535.4642451759364 205.9477866061294 205.94778660612945
1 1671.6095346197503 550.9103291713961 195.65039727582302 195.65039727582297
3 901.021566401816 837.5209988649262 130.43359818388194 130.43359818388194
11 1906.7332576617482 834.0885357548244 123.56867196367762 123.56867196367762
4 931.9137343927357 566.3564131668559 89.244040862656 89.2440408626561
12 1820.9216799091946 559.4914869466515 82.3791146424519 82.37911464245178
6 1180.7673098751416 1045.1850170261068 216.245175936436 216.24517593643588
5 1657.8796821793412 1048.617480136209 209.38024971623167 209.38024971623167
7 1228.8217934165727 1796.8944381384786 236.83995459704897 236.8399545970492
8 1609.8251986379114 1800.3269012485805 243.70488081725284 243.70488081725307
10 1160.1725312145288 2476.5221339387053 147.59591373439298 147.59591373439298
9 1692.2043132803633 2459.359818388195 140.73098751418866 140.73098751418866
0 1412.411840883151 250.81194407607342 138.88730781624713 138.88730781624702
