0 1091.3924466338262 64.3316912972086 69.88505747126442 69.88505747126443
13 1063.937602627258 149.192118226601 54.90968801313625 54.909688013136275
1 1171.2610837438424 276.48275862068965 114.8111658456487 114.81116584564856
3 745.7110016420361 400.0295566502464 52.413793103448256 52.41379310344831
11 1103.8719211822659 513.5927750410511 59.901477832512455 59.90147783251251
4 625.9080459770115 537.3037766830871 42.43021346469618 42.43021346469618
12 1040.2266009852215 694.5451559934319 52.41379310344814 52.41379310344814
7 609.6847290640395 785.6453201970444 119.80295566502468 119.8029556650248
8 765.6781609195402 861.7701149425288 127.29064039408865 127.29064039408865
10 436.2200328407225 1058.9458128078818 87.35632183908041 87.35632183908046
9 518.5845648604269 1091.3924466338258 82.36453201970448 82.36453201970448
6 748.206896551724 432.4761904761905 112.31527093596048 112.31527093596048
5 1019.0114942528735 526.0722495894911 114.8111658456487 114.81116584564882
2 875.3049050566292 193.17298640057263 112.31527093596048 112.3152709359606
