0 1892.9454545454546 178.69090909090892 212.07272727272698 212.07272727272695
13 1887.0545454545454 318.10909090909104 106.03636363636383 106.03636363636389
2 1590.545454545454 528.2181818181817 212.07272727272743 212.07272727272738
1 2195.345454545455 540.0000000000001 204.21818181818207 204.21818181818213
3 1229.2363636363634 752.0727272727273 133.5272727272727 133.5272727272727
11 2560.5818181818177 748.1454545454546 149.23636363636388 149.23636363636376
4 1321.5272727272732 483.0545454545455 106.03636363636383 106.0363636363636
12 2385.818181818182 490.909090909091 82.4727272727273 82.4727272727273
6 1612.1454545454544 1209.5999999999997 239.56363636363608 239.5636363636363
5 2130.5454545454545 1197.818181818182 239.56363636363653 239.56363636363653
7 1476.6545454545449 2044.1454545454549 251.34545454545446 251.34545454545446
8 2244.4363636363632 2093.2363636363643 239.5636363636363 239.5636363636363
10 1180.1454545454544 2921.890909090909 176.72727272727275 176.72727272727252
9 2560.5818181818177 3029.890909090909 196.3636363636365 196.3636363636365
