0 1644.178020664971 303.93096495684665 113.67611697929055 113.67611697929064
13 1629.710151231243 516.8153294817002 76.47302414970477 76.4730241497046
1 1869.4634161330196 715.2318245728256 117.80979396035559 117.80979396035559
3 1177.0725218046127 1045.925983058035 88.87405509289988 88.87405509289988
11 2011.0418527345 1080.0288181518224 82.67353962130255 82.67353962130255
4 1198.7743259552044 1363.1856913547829 70.27250867810699 70.27250867810699
12 2000.707660281837 1416.9234921086293 74.40618565917202 74.40618565917202
6 1365.1548244430755 1223.6740932438352 121.94347094142108 121.94347094142108
5 1787.8232957569833 1232.9748664512315 124.01030943195337 124.01030943195337
7 1351.720374254614 1943.9673071944317 119.87663245088856 119.87663245088856
8 1773.3554263232559 1952.234661156562 124.01030943195337 124.01030943195337
10 1328.9851508587558 2621.8903320891104 90.9408935834324 90.94089358343263
9 1758.8875568895278 2642.5587169944365 95.07457056449812 95.07457056449812
2 1387.6773668547628 640.0791260556807 121.94347094142086 121.94347094142097
