0 357.71303395399775 1376.2015334063526 149.0470974808323 149.04709748083246
13 526.6330777656079 1372.8893756845564 82.80394304490687 82.8039430449071
2 564.7228915662649 1609.70865279299 165.60788608981352 165.60788608981352
1 672.3680175246441 1223.8422782037242 142.42278203723993 142.4227820372398
3 857.8488499452353 1886.273822562979 155.671412924425 155.6714129244251
11 1044.9857612267251 1175.8159912376782 105.9890470974807 105.9890470974808
4 1338.111719605696 1896.2102957283682 89.42825848849952 89.42825848849952
12 697.2092004381161 1119.5093099671412 86.1161007667032 86.11610076670331
6 1341.4238773274924 1564.9945235487403 188.79299014238768 188.79299014238768
5 1410.9791894852135 1266.9003285870756 182.16867469879526 182.16867469879526
7 1987.2946330777656 1574.9309967141294 182.1686746987948 182.16867469879503
8 2008.8236582694415 1401.0427163198246 178.8565169769986 178.85651697699882
10 2662.974808324206 1588.1796276013147 129.17415115005497 129.1741511500545
9 2583.483023001095 1349.7042716319827 109.30120481927725 109.30120481927725
