0 1246.0441376594167 185.9617410050318 111.62418004964525 111.62418004964522
13 1236.654260528893 325.28109696376106 99.63565132223312 99.63565132223323
2 1028.591576885406 395.6121449559256 128.94025465230152 128.94025465230163
1 1393.43388834476 455.686581782566 131.87071498530872 131.87071498530867
3 778.0372184133203 772.1762977473065 114.28795298726743 114.28795298726743
4 901.1165523996083 1115.0401567091087 90.84427032321253 90.84427032321264
11 1583.9138099902057 904.0470127326153 120.14887365328104 120.14887365328104
12 1559.0048971596475 1204.4191968658179 64.47012732615099 64.47012732615076
6 1056.4309500489715 980.2389813907937 131.8707149853085 131.8707149853085
5 1460.8344760039176 986.0999020568072 137.73163565132245 137.73163565132245
7 1074.0137120470126 1721.645445641528 149.45347698334967 149.4534769833499
10 1032.9872673849168 2342.9030362389813 126.00979431929466 126.00979431929454
8 1498.9304603330067 1727.5063663075416 149.45347698334945 149.45347698334922
9 1636.662095984329 2322.3898139079333 120.14887365328104 120.14887365328104
