0 1060.1700451433385 129.89728762170532 85.29809643467695 85.298096434677
13 1044.1766520618366 311.91733269213216 62.45039203253134 62.45039203253134
2 892.6202128609375 483.27511570822435 82.25173584772426 82.25173584772432
1 1218.5807956648816 443.6724280778386 103.57625995639364 103.57625995639359
3 864.4413774316245 837.4145339414816 59.40403144557877 59.40403144557877
11 1348.0511206103736 839.6993043816958 73.11265408686586 73.11265408686575
12 1433.3492170450504 1147.3817236639238 60.92721173905488 60.92721173905488
7 969.5408176814943 1659.9318924187241 95.9603584890117 95.9603584890117
8 1149.2760923117066 1669.0709741795818 102.0530796629173 102.0530796629173
10 971.8255881217087 2172.4820611735245 70.06629349991294 70.06629349991272
9 1103.5806835074154 2206.7536177767433 74.63583438034243 74.63583438034266
6 911.4780523120787 1068.3469515279708 112.37413546761468 112.37413546761468
5 1160.881858730093 1076.5651511097676 114.82950903264805 114.8295090326477
