0 1951.8772486772486 278.1544973544973 134.28148148148125 134.2814814814814
13 1870.9480901077375 348.4446620959843 84.33692458374117 84.33692458374134
1 1913.1165523996083 494.9245837414301 93.2144955925562 93.21449559255632
3 1324.977473065622 490.4857982370227 102.09206660137124 102.09206660137136
4 1077.515181194907 618.1008814887366 77.67874632713028 77.67874632713017
12 1549.1361410381978 1012.0430950048972 75.45935357492658 75.4593535749267
11 1737.7845249755142 823.3947110675808 106.53085210577888 106.53085210577888
6 1252.8472086190009 604.7845249755142 104.31145935357472 104.31145935357483
5 1475.896180215474 783.4456415279142 115.40842311459323 115.40842311459335
7 690.2311459353575 1051.9921645445643 133.1635651322232 133.1635651322232
8 964.3261508325172 1290.5768854064645 117.62781586679728 117.62781586679716
10 281.86287952987266 1313.8805093046035 110.96963761018611 110.96963761018606
9 560.3966699314399 1607.9500489715963 90.99510284035262 90.9951028403525
2 1561.384276834976 363.1074712338399 109.25516459221967 109.25516459221984
