0 1526.9629629629626 2423.259259259262 270.5185185185187 270.5185185185187
13 1525.3333333333312 2318.9629629629617 143.40740740740762 143.4074074074074
2 1844.7407407407475 2107.111111111114 189.03703703703695 189.03703703703718
1 1214.0740740740725 2040.2962962962974 192.2962962962963 192.2962962962963
3 1984.8888888888891 1777.9259259259256 130.3703703703702 130.37037037037044
11 1101.6296296296298 1660.5925925925917 143.4074074074074 143.40740740740716
4 1906.6666666666665 1491.1111111111109 104.29629629629653 104.2962962962963
12 1184.7407407407409 1372.1481481481483 107.55555555555543 107.55555555555543
6 1848.0 1315.1111111111109 162.96296296296282 162.96296296296282
5 1336.2962962962956 1282.518518518519 169.4814814814813 169.4814814814813
7 1750.2222222222213 816.4444444444448 162.96296296296282 162.96296296296293
8 1499.259259259261 734.9629629629644 162.9629629629626 162.9629629629627
10 1830.0740740740753 306.3703703703708 107.55555555555543 107.55555555555549
9 1595.4074074074097 260.7407407407406 120.59259259259261 120.59259259259258
