0 3073.48240482484 931.7257050926057 173.70729954810122 173.70729954810167
13 2886.787643628283 1116.7970335831058 131.49804919061853 131.49804919061899
2 2483.364616173113 1003.9684605121438 162.34327060570286 162.3432706057024
1 2995.5576349341036 1376.5462665522296 183.44789578444397 183.44789578444374
3 2158.678074961708 1202.0272506511003 142.86207813301826 142.86207813301826
11 2773.1473542042922 1735.3248945908322 163.96670331175937 163.9667033117596
4 1871.3304859896148 1452.0358873838823 90.91223153919304 90.91223153919327
12 2467.1302891125424 1981.2749495584717 107.14655859976392 107.1465585997637
6 2038.5440547134876 1411.450069732456 172.08386684204447 172.08386684204447
5 2377.8414902794057 1739.3834763559753 214.2931171995274 214.2931171995274
7 1497.9409635964985 1971.5343533221298 204.55252096318486 204.5525209631851
8 1700.870051853628 2232.90701899731 227.28057884798295 227.28057884798318
10 869.6725063524307 2505.6437136148897 155.8495397814745 155.8495397814745
9 1048.2501040187035 2789.7444371748697 165.59013601781658 165.59013601781635
