0 1393.5800227014756 159.6095346197503 229.97502837684442 229.9750283768445
13 1384.99886492622 288.3269012485812 96.10896708286032 96.10896708286037
2 1139.577752553916 475.3961407491487 140.73098751418843 140.73098751418843
1 1621.8388195232692 466.8149829738933 151.02837684449491 151.02837684449491
11 1793.4619750283769 816.9262202043134 102.97389330306487 102.97389330306487
4 947.3598183881952 1117.2667423382518 92.67650397275816 92.67650397275816
12 1791.745743473326 1137.8615209988648 78.9466515323495 78.9466515323495
6 1160.172531214529 1062.3473325766176 202.51532349602735 202.51532349602735
5 1608.1089670828605 1050.3337116912599 185.35300794551677 185.35300794551665
7 1215.0919409761632 1906.7332576617482 154.46083995459708 154.46083995459708
8 1494.8376844494887 1908.4494892167988 157.89330306469924 157.89330306469947
10 1199.6458569807037 2509.1305334846766 89.244040862656 89.24404086265622
9 1462.2292849035189 2517.711691259932 99.54143019296248 99.54143019296271
3 920.3076665778284 809.6082012984081 109.83881952326897 109.83881952326897
