0 2690.4605333809104 1710.2413651097602 104.39815650173387 104.39815650173387
13 2536.348969021208 1705.2700243239628 74.57011178695257 74.57011178695211
2 2393.4229214295497 1542.4586135891168 86.99846375144443 86.99846375144466
3 2051.6432424060176 1344.8478173536926 74.57011178695234 74.57011178695211
11 2112.5421670320284 2032.1356809901047 82.02712296564778 82.02712296564778
4 1754.6056304546569 1353.547663728837 77.05578217985067 77.05578217985067
12 1796.86202713393 1994.8506250966282 72.08444139405378 72.08444139405356
6 1870.1893037244333 1459.1886554270202 109.36949728753052 109.36949728753052
7 1140.6450434087483 1405.746741979704 121.79784925202216 121.79784925202216
8 1171.7159233199784 1740.0694098245406 124.28351964492094 124.28351964492094
9 585.0977105959524 1720.1840466813537 94.45547493013987 94.45547493013987
1 2396.8631876596255 1922.0299223007123 132.2970367067419 132.29703670674166
5 1905.3960822196464 1816.9361334450718 140.0922193332451 140.0922193332451
10 599.0471506984559 1316.5408607769236 91.96980453724132 91.96980453724132
