0 1367.8365493757105 291.75936435868334 178.4880817253122 178.48808172531216
13 1357.5391600454027 449.65266742338247 109.83881952326897 109.83881952326902
2 1084.658342792282 554.3427922814983 133.86606129398433 133.86606129398422
1 1570.3518728717363 662.4653802497162 151.02837684449491 151.02837684449491
3 947.3598183881952 859.8320090805903 106.4063564131668 106.40635641316669
11 1729.9614074914866 986.8331441543702 120.13620885357545 120.13620885357545
4 835.8047673098754 1201.362088535755 82.37911464245178 82.3791146424519
12 1805.4755959137347 1316.349602724177 85.81157775255383 85.81157775255406
6 1180.7673098751416 1223.6730987514188 181.92054483541438 181.92054483541438
5 1570.351872871736 1225.3893303064701 171.62315550510812 171.6231555051079
10 1295.7548240635642 2533.1577752553917 137.29852440408627 137.2985244040865
9 1688.7718501702611 2528.009080590238 140.73098751418843 140.73098751418866
7 1255.6333399717018 1901.6076144939368 171.01869205778303 171.01869205778303
8 1571.3601560783775 1890.0967409900481 164.44105005556003 164.44105005556025
