0 1800.4882108183078 342.1961561323559 206.0630077273629 206.06300772736284
13 1784.6372102238956 519.7273627897761 98.27620368535759 98.27620368535753
2 1494.5638993461457 679.8224687933425 133.14840499306524 133.14840499306536
1 2003.381018426787 694.0883693283138 142.65900534971252 142.65900534971263
3 1435.9151971468198 1036.4699821676243 117.29740439865282 117.2974043986527
11 2030.0638555293804 1108.0633487503892 114.65493209558736 114.65493209558713
4 1394.0542326957568 1386.6583768263577 82.76068140792131 82.76068140792108
12 2001.2364193787378 1438.0261084100866 89.10491486966703 89.1049148696668
6 1501.072038742399 1208.5389220004727 137.8604343266545 137.86043432665474
5 1890.2755819938689 1221.148108066935 146.2665583709629 146.2665583709629
7 1537.2183721329243 1949.1184503040267 183.25350416591914 183.25350416591914
8 1815.4610779995262 1948.2778378995959 168.12248088616434 168.12248088616434
10 1527.1310232797546 2695.5822654385956 126.09186066462303 126.09186066462325
9 1690.2098297393336 2705.6696142917654 126.09186066462303 126.09186066462325
