0 2794.1212669683255 1472.318552036199 164.19909502262453 164.19909502262453
13 2590.2407239819004 1528.4199095022627 101.25610859728522 101.25610859728499
3 1925.2343891402716 1301.2778280542987 145.0425339366518 145.04253393665158
2 2279.630769230769 1354.6425339366515 164.19909502262453 164.1990950226243
1 2487.61628959276 1745.98371040724 164.19909502262453 164.19909502262453
4 1648.8325791855204 1317.6977375565612 101.25610859728499 101.25610859728499
6 1751.4570135746608 1480.5285067873306 158.72579185520362 158.72579185520385
5 1803.4533936651583 1789.7701357466062 191.5656108597284 191.5656108597284
7 961.933031674208 1624.2027149321266 221.66877828054282 221.66877828054294
8 983.8262443438913 1949.864253393665 232.61538461538453 232.61538461538453
10 337.9764705882353 1607.7828054298643 155.98914027149328 155.9891402714934
9 277.77013574660634 1955.337556561086 150.5158371040724 150.5158371040725
11 2149.544666084621 2064.898772829407 144.85222809684365 144.85222809684387
12 1771.1590287226177 2169.6192518203698 113.84845839187028 113.84845839187028
