0 1560.5044247787605 173.94690265486727 150.53097345132733 150.53097345132744
4 1162.4336283185842 454.9380530973451 143.84070796460173 143.8407079646018
2 1319.654867256637 454.9380530973451 224.12389380530976 224.12389380530976
1 1819.7522123893805 443.2300884955752 214.08849557522126 214.08849557522115
11 2120.8141592920356 667.353982300885 194.01769911504425 194.01769911504448
6 1307.9469026548672 988.4867256637168 227.46902654867267 227.46902654867267
5 1739.4690265486727 1038.663716814159 240.84955752212363 240.84955752212352
7 1256.0973451327432 1823.0973451327436 250.88495575221236 250.88495575221236
8 1619.0442477876104 1864.9115044247787 267.61061946902623 267.61061946902646
10 1249.4070796460173 2492.1238938053093 204.05309734513276 204.05309734513276
9 1585.5929203539822 2527.2477876106195 200.70796460176985 200.70796460176962
12 1930.141592920353 416.5020015702391 94.19131715922413 94.19131715922424
3 956.8398646880357 693.7193439889893 154.60155666915455 154.60155666915432
13 1551.7458926615552 361.0251916757941 105.98904709748058 105.98904709748086
