0 1578.0582524271845 282.58252427184453 121.10679611650448 121.10679611650463
13 1556.038834951456 440.38834951456306 102.75728155339834 102.757281553398
2 1231.252427184466 669.7572815533981 187.16504854368918 187.1650485436893
1 1831.2815533980595 708.2912621359224 168.8155339805826 168.81553398058247
3 1172.5339805825242 1018.3980582524273 113.76699029126212 113.76699029126212
11 1932.2038834951456 1051.4271844660195 99.08737864077693 99.08737864077682
4 1216.5728155339807 1367.0388349514565 99.0873786407767 99.0873786407767
12 1959.728155339806 1387.2233009708739 88.0776699029127 88.07766990291248
6 1401.902912621359 1233.0873786407765 205.514563106796 205.514563106796
5 1818.4368932038828 1220.2427184466019 172.48543689320354 172.48543689320377
7 1543.1941747572814 1968.9029126213627 216.52427184466 216.52427184466
8 1814.7669902912628 1961.5631067961167 194.50485436893223 194.504854368932
10 1774.3980582524266 2688.2038834951463 121.10679611650494 121.10679611650494
9 2003.7669902912617 2657.0097087378645 117.43689320388353 117.4368932038833
