0 1438.6898316727193 903.2644845929368 97.41333322701303 97.41333322701303
2 1203.4118658278148 1103.869908102802 112.272994227744 112.27299422774377
1 1698.733899185508 1037.8269703217766 112.27299422774377 112.272994227744
3 1102.6963857117503 1222.7471961086485 112.27299422774377 112.272994227744
11 1807.7047465241992 1201.2832413298156 112.27299422774377 112.272994227744
4 1061.4195495986078 1414.2717156736242 89.15796600438478 89.15796600438489
12 1883.6541249723787 1394.4588343393166 89.15796600438466 89.15796600438489
6 1224.8758206066477 1156.7042583276238 118.8772880058466 118.87728800584637
5 1698.7338991855072 1164.959625550252 118.87728800584637 118.8772880058466
7 1194.330961882923 1565.3449358477205 146.9455365627823 146.94553656278208
8 1725.9766110201808 1580.2045968484515 146.9455365627823 146.9455365627823
10 1042.4322049865648 1954.9982687557726 146.94553656278242 146.94553656278254
9 1856.4114131377073 1943.4407546440934 146.94553656278254 146.9455365627823
13 1449.2456300655401 957.1022449160844 81.00333431841773 81.00333431841784
