0 1562.2247446083995 399.04653802497165 166.41089670828615 166.41089670828615
2 1338.5438701619223 569.9003371638922 122.20555039615101 122.20555039615101
1 1766.2632965484506 565.8268188173538 135.78394488461208 135.78394488461225
11 1963.1500166311387 751.8508233092725 105.91147700999727 105.9114770099975
6 1324.9654756734612 1113.0361167023411 143.93098157768895 143.93098157768873
5 1779.84169103691 1062.7960570950345 146.64666047538117 146.64666047538117
7 1326.3233151223071 1668.3924512804044 173.80344945230354 173.80344945230354
8 1862.6698974165233 1645.3091806500197 181.95048614538018 181.95048614538018
10 1258.431342680001 2290.282918851929 157.50937606615025 157.5093760661498
9 1978.086250568446 2244.116377591161 157.5093760661498 157.5093760661498
13 1564.3243512410922 486.1541288888856 91.74972744801812 91.749727448018
3 1149.3500969888867 810.8718733458796 107.4311940163625 107.4311940163625
