0 1453.6481271282632 315.7866061293984 205.9477866061295 205.94778660612943
13 1451.9318955732122 379.28717366628837 106.40635641316703 106.40635641316698
2 1151.5913734392736 535.4642451759364 164.75822928490334 164.7582292849035
1 1800.3269012485825 552.6265607264472 178.4880817253122 178.4880817253122
3 1055.4824063564129 755.1418842224746 123.56867196367773 123.56867196367773
11 1891.2871736662887 749.9931895573213 113.27128263337113 113.27128263337124
4 1021.1577752553915 1050.3337116912599 96.10896708286043 96.10896708286043
12 1880.9897843359813 1034.8876276958 106.4063564131668 106.4063564131668
6 1203.0783200908063 834.0885357548241 226.54256526674226 226.54256526674237
5 1723.0964812712828 835.8047673098752 243.7048808172533 243.7048808172534
7 1264.8626560726445 1551.4733257661742 295.1918274687855 295.1918274687853
8 1645.8660612939848 1568.6356413166855 281.4619750283771 281.4619750283771
10 1242.5516458569805 2225.952326901248 209.38024971623167 209.38024971623145
9 1611.5414301929627 2213.9387060158915 212.81271282633384 212.81271282633406
