0 2074.5739116422064 1394.8287386419493 135.49057291040276 135.490572910403
13 2070.0575592118594 1514.963713289173 101.16629443976763 101.1662944397674
2 1809.9156592238865 1616.1300077289407 137.29711388254145 137.29711388254145
1 2353.6844918376373 1632.3888764781886 140.91019582681974 140.91019582681906
3 1431.4453255608269 1882.5948011194014 135.490572910403 135.490572910403
4 1605.7765293722123 1681.1654827259345 101.1662944397674 101.1662944397674
11 2714.089415779309 1866.3359323701513 135.490572910403 135.490572910403
12 2547.8876463425477 1667.616425434894 99.3597534676287 99.3597534676287
6 1791.8502495025004 2035.2475132651211 162.5886874924836 162.5886874924836
5 2284.132664410296 2046.9900295840216 171.62139235317682 171.62139235317704
7 1842.4333967223822 2689.2153451793306 202.3325888795348 202.33258887953525
8 2191.095804345153 2707.2807549007193 205.94567082381263 205.94567082381263
10 1852.3693720691458 3288.083677443313 146.3298187432349 146.32981874323514
9 2091.7360508775237 3299.8261937622146 148.13635971537337 148.1363597153736
