0 1573.7170012973625 262.23072372838635 158.70086047893506 158.70086047893497
13 1591.3504302394663 416.52322697179534 105.80057365262337 105.80057365262331
2 1397.3827118763238 517.9154433888926 167.51757494998697 167.51757494998697
1 1805.1557561624759 537.7530509487593 189.55936112761674 189.55936112761646
11 2175.4577639466575 630.328552894805 127.84235983025337 127.84235983025349
4 1187.98574318884 409.9106911185063 101.39221641709742 101.39221641709736
6 1392.9743546407976 1099.8185984783208 220.41786177629865 220.41786177629865
5 1765.4805410427414 1097.6144198605575 180.74264665656483 180.74264665656472
7 1421.6286766717164 1851.4435071354987 233.6429334828763 233.64293348287651
8 1716.9886114519563 1851.4435071354987 216.0095045407727 216.0095045407727
10 1415.0161408184276 2457.59262702032 123.43400259472742 123.43400259472764
9 1701.5593611276158 2506.0845566111057 114.61728812367573 114.61728812367573
3 1013.1537780922874 604.7005662692791 124.97883739026736 124.97883739026747
12 2024.4466589349636 390.79576156654946 112.97297454841487 112.97297454841481
