0 2030.696524064171 1056.082887700535 124.71836007130105 124.71836007130116
13 1884.856506238859 1049.0423351158645 86.4982174688057 86.4982174688057
2 1761.143939393939 933.3761140819964 104.60249554367215 104.60249554367192
1 1776.2308377896613 1149.6216577540108 134.77629233511607 134.77629233511607
11 1657.5472370766488 1433.2553475935829 126.72994652406419 126.72994652406419
4 1883.266851184918 914.3139376962906 56.561614544807526 56.56161454480764
12 1932.5301928852346 1397.8245136438413 74.80729665603621 74.80729665603599
5 1174.4221011636978 1064.8408151139242 135.01804762308961 135.01804762308973
7 746.5608556553934 910.664801274045 107.64952445624704 107.64952445624715
8 666.279854365989 1160.6306461978731 125.89520656747561 125.89520656747573
10 401.717463753178 834.0329364068859 89.40384234501886 89.40384234501892
9 252.1028704411056 1186.1746011535924 93.0529787672643 93.05297876726422
3 1630.99863036658 810.9008403735459 78.45187165775405 78.45187165775417
6 1171.2644544526229 884.3836117515692 88.91235263384851 88.91235263384829
