0 606.1157775255392 569.9091940976164 79.32803632236096 79.29171396140748
13 634.1360406091371 637.1700507614213 77.60406091370555 77.56852791878168
2 545.4456852791878 783.4421319796954 95.34213197969535 95.29847715736048
1 842.5583756345179 716.9548223350256 86.47309644670065 86.43350253807125
3 597.5512690355331 933.0385786802032 79.8213197969543 79.78477157360408
11 981.1370558375635 833.3076142131981 84.25583756345168 84.21725888324875
6 740.5644670050762 1000.6340101522843 99.77664974619302 99.73096446700515
5 1001.092385786802 906.443654822335 101.99390862944165 101.94720812182743
4 694.0020304568527 1098.148730964467 68.73502538071045 68.70355329949234
12 1090.8913705583757 967.3903553299493 68.7350253807108 68.70355329949257
7 1055.4683544303796 1334.2748643761302 114.5316455696202 114.47920433996364
8 1198.6329113924053 1268.1532549728754 116.50632911392404 116.45298372513548
10 1339.8227848101267 1610.603978300181 106.63291139240482 106.58408679927629
9 1416.835443037974 1569.1546112115739 90.83544303797476 90.7938517179025
