0 1434.8127620104824 186.55039764875295 164.02288072772467 164.02288072772475
13 1438.4309137912408 327.65831709833975 94.07194629972446 94.07194629972446
2 1168.2755808279294 489.26909663889217 142.31397004317319 142.31397004317301
1 1696.52574081869 489.26909663889205 151.96237479186266 151.96237479186266
3 1011.4890036617217 817.3148580943415 132.66556529448314 132.66556529448303
11 1830.3973567067594 840.2298193724796 178.49548785075922 178.49548785075933
4 980.1316882284801 1220.1357563521365 65.12673205365536 65.12673205365536
12 1895.524088760415 1202.0449974483433 86.83564273820753 86.8356427382073
6 1233.4023128815847 1027.1676613783427 142.31397004317319 142.31397004317307
5 1613.3082498612414 1057.3189262179978 173.67128547641414 173.67128547641448
7 1235.814414068757 1844.8699638297937 214.67700565834593 214.67700565834593
8 1604.865895706138 1852.1062673913111 219.50120803269056 219.50120803269056
10 1165.8634796407569 2488.9009808048313 108.54455342275878 108.54455342275878
9 1654.3139700431725 2502.1675373342796 115.78085698427594 115.78085698427594
