0 1558.828603859251 246.22020431328036 234.33371169126008 234.33371169125996
13 1552.0363223609534 371.87741203178206 98.48808172531221 98.4880817253121
2 1324.4948921679907 582.438138479001 112.07264472190695 112.07264472190684
3 1193.743473325766 927.1464245175937 95.09194097616341 95.09194097616341
4 1166.5743473325765 1151.2917139614074 67.92281498297393 67.92281498297393
11 1832.2179341657206 859.2236095346198 95.09194097616341 95.09194097616353
12 1808.44494892168 1127.5187287173667 95.09194097616341 95.09194097616341
6 1258.2701475595914 1056.199772985244 190.18388195232706 190.18388195232694
5 1546.942111237232 1042.6152099886503 203.76844494892202 203.7684449489219
10 1029.0306469920545 2321.2622020431327 98.48808172531199 98.48808172531199
9 1516.376844494892 2346.733257661748 115.46878547105553 115.46878547105553
1 1725.2395005675364 541.6844494892168 159.61861520998855 159.61861520998866
7 1161.4801362088535 1781.2758229284902 159.61861520998855 159.61861520998855
8 1555.4324631101022 1740.5221339387062 152.8263337116914 152.8263337116914
