0 1180.107810781078 436.2266226622663 91.83718371837176 91.83718371837182
2 958.5506050605061 483.29317931793173 89.54125412541237 89.54125412541254
3 623.3448844884488 600.385588558856 98.72497249724972 98.72497249724961
11 1580.7475247524758 765.6925192519251 89.54125412541248 89.54125412541248
6 854.085808580858 679.5951595159517 123.98019801980195 123.98019801980195
5 1204.2150715071512 731.2535753575357 144.64356435643572 144.6435643564356
7 683.0390539053906 1091.7145214521452 181.37843784378435 181.37843784378447
8 1102.046204620462 1184.6996699669967 215.8173817381736 215.81738173817394
10 549.8751375137514 1442.9917491749177 149.23542354235428 149.23542354235406
9 986.1017601760179 1456.7673267326732 140.05170517051727 140.05170517051715
1 1308.6392786891201 576.8065155574287 91.83718371837199 91.83718371837199
