0 2706.2701227830835 1087.8144611186904 183.68349249658968 183.68349249658957
13 2557.2824010914055 1130.673942701228 106.12824010914073 106.12824010914073
1 2520.545702592087 1269.4570259208735 146.94679399727147 146.94679399727124
11 2253.184174624829 1471.5088676671214 159.19236016371042 159.19236016371087
12 1877.6534788540248 1516.4092769440654 110.21009549795349 110.21009549795349
6 1863.3669849931794 1073.5279672578445 187.7653478854022 187.7653478854022
5 1957.2496589358802 1265.3751705320599 195.92905866302885 195.92905866302863
7 1179.6562073669847 1157.2060027285129 224.50204638472042 224.5020463847202
8 1228.6384720327421 1398.0354706684857 183.68349249658922 183.68349249658922
10 522.4774897680765 1120.4693042291951 151.02864938608462 151.02864938608445
9 616.3601637107779 1455.181446111869 167.35607094133707 167.3560709413373
2 2372.9962907206072 1031.1282729435634 107.5573218507975 107.55732185079728
