0 1568.6356413166855 2016.572077185017 195.65039727582302 195.65039727582302
13 1561.3495092561052 1786.3498141695345 132.1563129231297 132.1563129231297
2 1804.7513260955402 1721.9445224285164 184.015119260054 184.015119260054
1 1230.122294588008 1794.714137772265 195.72517230387575 195.72517230387552
3 2161.907943932102 1659.2120954080447 105.39047739439457 105.3904773943948
11 813.5789791720674 1885.0488326817458 112.08193627657863 112.08193627657852
4 2041.4616840527913 1955.3091509446754 95.35328907111898 95.3532890711192
12 1086.2559286210562 2134.305676043092 108.7362068354862 108.73620683548643
6 1578.9145888218375 1056.1443636512295 140.52063652585957 140.52063652585946
5 1171.5720293688996 1105.4938729073347 148.884960128589 148.884960128589
7 1457.6318965822566 720.7349871817672 118.77339515876224 118.77339515876201
8 1139.787599678527 765.9023346365078 128.81058348203783 128.81058348203783
10 1398.2451990028749 450.56733481359703 86.9889654683891 86.9889654683891
9 1090.4380904224213 477.33317034233215 90.33469490948096 90.33469490948107
