0 1373.1084337349398 303.1325301204819 101.59036144578317 101.59036144578312
13 1386.2168674698796 430.93975903614455 81.92771084337369 81.92771084337352
2 1135.5180722891564 534.1686746987953 144.1927710843372 144.19277108433732
1 1620.5301204819275 629.2048192771083 157.30120481927702 157.3012048192769
11 1756.5301204819277 925.7831325301205 108.14457831325308 108.14457831325308
4 1084.722891566265 1079.8072289156626 88.48192771084337 88.48192771084337
12 1826.987951807229 1169.9277108433735 91.75903614457843 91.7590361445782
6 1264.9638554216867 948.7228915662649 173.6867469879519 173.68674698795178
5 1666.409638554217 950.3614457831325 176.96385542168696 176.96385542168684
7 1514.024096385542 1699.180722891566 206.45783132530096 206.45783132530119
8 1910.5542168674701 1636.9156626506024 193.34939759036138 193.34939759036138
10 1702.4578313253014 2257.9277108433735 144.19277108433744 144.19277108433744
9 2205.4939759036142 2230.0722891566265 147.4698795180725 147.46987951807205
3 989.5294714607703 848.3618469962124 121.25301204819289 121.25301204819289
