10 748.9821985960193 2087.4880686792044 180.58418706830219 180.5841870683023
9 1100.228364651948 2184.7257078698285 184.55307030057247 184.55307030057247
7 1104.197247884218 1545.7355074742977 252.02408524916905 252.02408524916905
8 1457.4278555562819 1583.4398981808665 232.17966908781727 232.17966908781727
6 1388.9646197996176 776.7643812219121 182.56862868443727 182.56862868443739
5 1790.8140470669937 795.6165765751964 259.9618517137096 259.96185171370996
11 2175.7957205972198 823.398759201089 140.89535474559807 140.8953547455983
12 2047.7992363565004 1072.4461820260553 99.22208080675932 99.22208080675932
1 2165.873512516544 513.8258670839995 180.58418706830207 180.58418706830224
0 1934.6860642367951 244.9340280976814 142.87979636173372 142.8797963617336
13 1903.8231973005322 360.2099650669529 99.34096296237976 99.34096296237976
2 1663.0519098922625 425.01860920666013 127.35749265426057 127.35749265426057
