0 1307.7684449489213 183.63677639046534 216.24517593643577 216.24517593643577
13 1319.782065834279 308.9216799091941 123.56867196367762 123.56867196367764
2 1120.699205448354 528.5993189557321 144.1634506242906 144.1634506242906
1 1577.216799091941 508.0045402951191 157.89330306469947 157.89330306469918
11 1697.3530079455163 813.4937570942111 82.3791146424519 82.37911464245178
3 1053.766174801362 890.7241770715098 92.67650397275827 92.67650397275827
4 1065.7797956867196 1225.38933030647 75.51418842224757 75.51418842224757
12 1750.5561861520998 1137.861520998865 72.08172531214541 72.08172531214541
6 1160.1725312145295 1041.7525539160047 168.19069239500573 168.19069239500573
5 1578.933030646992 1017.7253121452894 175.05561861521005 175.05561861521005
7 1318.065834279228 1766.0022701475596 147.59591373439275 147.59591373439252
8 1549.7570942111238 1750.5561861520998 144.1634506242906 144.16345062429036
10 1390.147559591373 2452.494892167991 113.27128263337113 113.2712826333709
9 1566.9194097616346 2447.3461975028376 116.70374574347352 116.70374574347352
