0 1656.0 356.8 124.79999999999973 124.79999999999995
13 1630.47208619001 463.52203721841323 103.66307541625861 103.6630754162585
2 1436.4740450538688 497.58276199804095 136.24289911851133 136.24289911851133
3 1243.9569049951028 852.9990205680705 142.16650342801177 142.16650342801177
4 1186.2017629774732 1209.896180215475 85.89226248775708 85.89226248775708
11 1879.2634671890303 1008.4936336924582 103.66307541625838 103.66307541625827
12 1879.2634671890305 1340.2154750244858 85.89226248775685 85.89226248775708
6 1434.9931439764932 1150.6601371204704 162.8991185112634 162.89911851126362
5 1765.234084231146 1175.8354554358475 136.24289911851156 136.24289911851133
7 1397.9706170421157 1883.706170421156 148.09010773751243 148.0901077375122
10 1377.2380019588636 2505.684622918707 112.54848188050914 112.54848188050892
8 1703.0362389813904 1919.2477962781586 154.01371204701263 154.01371204701263
9 1719.3261508325172 2516.050930460333 97.73947110675817 97.73947110675817
1 1771.1576885406464 610.1312438785507 112.54848188050937 112.5484818805096
