0 1640.3307943416744 421.1882480957561 204.01305767138183 204.013057671382
13 1622.2328618063102 538.0021762785632 108.5875952121869 108.58759521218724
2 1393.5408052230694 664.6877040261153 157.9455930359086 157.9455930359086
1 1827.8911860718165 700.8835690968442 157.9455930359086 157.9455930359086
3 1161.5582154515782 909.8324265505985 154.65505984766037 154.65505984766048
11 1972.6746463547336 941.0924918389567 144.78346028291617 144.78346028291617
4 1240.5310119695325 1169.7845484221984 121.74972796517932 121.74972796517932
12 1916.7355821545168 1164.8487486398262 118.45919477693133 118.45919477693133
6 1342.5375408052246 1051.3253536452676 154.65505984766082 154.65505984766048
5 1814.7290533188277 1069.4232861806329 151.3645266594126 151.36452665941272
7 1294.8248095756257 1576.1653971708404 223.7562568008707 223.7562568008707
8 1783.4689880304704 1594.2633297062025 213.8846572361265 213.8846572361265
10 1115.490750816104 2153.653971708379 141.49292709466818 141.49292709466818
9 1883.8302502720348 2214.5288356909687 131.62132752992375 131.62132752992375
