0 1956.8516949152536 447.5974576271186 136.86864406779637 136.86864406779654
2 1715.8469050695076 603.5166934760796 121.55304710873202 121.55304710873236
1 2186.1636950363713 602.5816700367814 123.42309398732777 123.423093987328
3 1290.411240188945 999.031608299108 119.68300023013626 119.68300023013637
11 2637.780016217277 956.9555535307006 121.55304710873179 121.55304710873202
6 1685.9261550119734 1039.2376161889192 151.4737971662662 151.4737971662662
5 2192.708859111457 1078.5086006394326 166.43417219503363 166.4341721950334
7 1728.9372332196788 1807.8268832918266 192.6148284953756 192.61482849537583
8 2133.802382435687 1769.490922280611 198.2249691311631 198.22496913116333
10 1822.439577149473 2494.1340877365137 129.0332346231162 129.0332346231162
9 2124.4521480427074 2480.1087361470445 138.38346901609566 138.3834690160952
