0 1070.928490351873 396.44948921679907 175.05561861520994 175.05561861521
13 1089.807037457435 494.2746878547106 82.37911464245167 82.37911464245173
2 885.5754824063561 763.7230419977298 195.6503972758229 195.6503972758229
1 1395.2962542565265 624.7082860385924 185.35300794551654 185.35300794551642
3 890.7241770715095 1074.360953461975 164.75822928490345 164.75822928490356
11 1580.6492622020432 909.6027241770714 144.1634506242906 144.16345062429048
4 909.6027241770717 1453.6481271282635 127.00113507377978 127.00113507378
12 1774.5834279228152 1220.240635641317 113.27128263337113 113.27128263337136
6 1105.253121452894 1185.916004540295 236.83995459704875 236.83995459704875
5 1529.1623155505104 1067.4960272417707 226.54256526674249 226.54256526674249
7 1417.6072644721908 1920.4631101021569 216.245175936436 216.245175936436
8 1741.9750283768444 1808.9080590238366 240.27241770715113 240.2724177071509
10 1635.5686719636778 2574.347332576617 164.75822928490356 164.7582292849038
9 2049.1804767309877 2438.765039727582 161.3257661748014 161.32576617480117
