0 449.5793714746172 1561.9532634971797 194.93956486704258 194.9395648670427
2 662.7945205479452 1945.74053182917 182.7558420628526 182.75584206285248
1 933.2731668009671 1546.1144238517327 148.64141821112014 148.64141821112003
3 991.7550362610797 2109.0024174053183 148.64141821112003 148.64141821112003
4 1342.6462530217573 2160.174053182919 85.28605962933102 85.28605962933125
5 1532.7123287671232 1670.388396454472 163.26188557614796 163.2618855761482
7 2015.187751813054 2104.1289282836424 192.50282030620497 192.50282030620497
8 2056.6124093473004 1887.2586623690572 182.7558420628527 182.7558420628527
10 2652.3964544722 2253.988718775181 121.83722804190165 121.8372280419012
9 2630.4657534246576 1988.3835616438355 141.33118452860617 141.33118452860595
6 1394.7672443891947 1951.800959989083 151.58451835999745 151.58451835999745
13 653.6570899160301 1637.4849469150663 102.19908047721708 102.19908047721697
