13 847.258261248438 364.2741104135075 88.81721976802953 88.81721976802959
2 674.0646827007804 568.5537158799755 177.63443953605918 177.63443953605906
1 1093.72604610472 455.31176067573784 146.5484126172487 146.5484126172488
3 758.4410414804083 928.2634559404952 133.22582965204424 133.22582965204424
11 1331.3121089841989 628.5053392233956 111.02152471003683 111.02152471003694
4 931.6346200280664 1119.220478441759 124.34410767524128 124.34410767524128
12 1557.7960193926745 910.5000119868894 106.58066372163557 106.58066372163569
6 1053.7582972091066 988.2150792839149 182.0753005244602 182.07530052446032
5 1415.6884677638263 799.4784872768523 177.63443953605906 177.63443953605918
7 1482.301382589849 1541.1022723398994 177.63443953605884 177.63443953605884
8 1748.7530418939377 1332.3818058850297 168.75271755925655 168.75271755925633
10 1853.1132751213727 1974.0862187090434 155.43013459405188 155.43013459405188
9 2128.446656402264 1805.3335011497873 155.43013459405165 155.43013459405165
0 778.7306645665585 289.3584108644623 122.74554172707974 122.74554172707977
