0 1344.6581782566113 584.9559255631733 174.7463271302645 174.74632713026443
13 1406.8560235063665 682.6953966699314 97.73947110675795 97.73947110675806
2 1282.4603330068558 857.4417238001956 168.82272282076383 168.82272282076394
3 953.7002938295789 1195.0871694417242 133.28109696376112 133.281096963761
4 996.6464250734575 959.6238981390793 100.7012732615085 100.70127326150839
12 1728.2115572967678 722.6797257590597 88.85406464250718 88.8540646425073
11 1975.522037218413 869.2889324191972 151.0519098922623 151.05190989226242
6 1501.6336924583743 1292.826640548482 168.82272282076406 168.82272282076406
5 1873.3398628795298 1190.6444662095982 165.86092066601373 165.86092066601395
7 1939.9804113614107 2036.2389813907937 180.6699314397647 180.66993143976515
10 2338.3428011753185 2636.0039177277176 154.01371204701263 154.0137120470131
9 2498.2801175318314 2547.1498530852114 136.24289911851065 136.2428991185111
8 2162.1155729676784 1947.3849167482858 162.89911851126317 162.8991185112634
1 1596.4113614103821 736.007835455436 145.12830558276187 145.12830558276198
