9 705.7422519010113 1875.8063914460597 60.64154004388831 60.6415400438882
10 459.26373430327186 1511.9571511827305 72.37861231044724 72.37861231044735
8 1229.9981464739813 1466.9650408275877 97.80893555465855 97.80893555465855
7 1024.5993818091983 1251.7853826073388 97.80893555465866 97.80893555465877
5 1801.6913747909607 1103.604845242031 120.30499073222995 120.30499073222995
6 1513.644059582491 870.3305339441704 91.9403994213792 91.94039942137886
12 1848.1506191794226 1333.944888473252 50.86064648842239 50.86064648842262
4 1341.0112883285187 889.4032763773289 57.70727197724841 57.7072719772483
3 1526.8482658823698 706.5005668901175 63.57580811052776 63.57580811052799
1 2265.305729320041 884.512829599596 106.61173975457814 106.61173975457768
2 1880.916612590235 634.12195457967 98.78702491020522 98.78702491020522
13 2149.8911853655445 632.1657758685769 55.751093266155294 55.751093266155635
0 2236.9411380091906 509.90460642525386 83.13759522146029 83.13759522145989
11 2101.8695257006275 1148.5016743540396 91.43288982781496 91.43288982781496
