13 927.5391930577687 257.8464041463525 54.0881862389748 54.08818623897466
2 776.2925982043389 335.65399315726165 97.52045946884562 97.52045946884567
1 1066.4358349215645 348.6646582421713 95.4960634406782 95.49606344067809
3 607.0377378090868 501.5841632049611 94.15350937895596 94.1535093789559
11 1194.6343040339202 532.2938676552237 90.14697706495758 90.14697706495775
4 626.0476364294095 717.595987177637 76.12411396596428 76.12411396596428
12 1152.9066357201623 739.6319149046265 92.15024322195677 92.15024322195677
6 751.2517712418507 604.4114493071897 120.1959694199436 120.1959694199436
5 1049.7384286347105 628.4506431911788 116.18943710594567 116.18943710594567
7 721.2027788868647 990.0401845295094 138.22536483293504 138.22536483293504
8 1018.6878032012254 1020.0891768844947 138.22536483293493 138.22536483293504
10 665.111326490891 1304.5529711783615 110.1796386349481 110.1796386349481
9 1054.7465940272077 1341.6133950828441 116.18943710594544 116.18943710594567
0 929.7804039558787 158.93227537729734 100.7068175166686 100.7068175166686
