0 1476.933151432469 348.60572987721696 169.14597544338312 169.1459754433834
13 1470.7448840381994 490.93587994542963 82.51023192360162 82.51023192360168
2 1285.0968622100954 594.0736698499318 156.76944065484304 156.76944065484315
1 1652.2673942701226 618.8267394270122 140.26739427012285 140.26739427012274
3 1016.93860845839 895.2360163710775 140.26739427012262 140.26739427012262
11 1887.4215552523874 965.3697135061389 140.26739427012285 140.26739427012296
4 1052.005457025921 1169.5825375170532 111.38881309686224 111.38881309686212
12 1839.9781718963166 1243.8417462482944 119.63983628922233 119.6398362892221
6 1283.0341064120055 996.3110504774897 202.15006821282395 202.15006821282395
5 1654.3301500682128 1037.5661664392908 243.405184174625 243.405184174625
7 1208.7748976807643 1825.5388813096863 243.40518417462476 243.40518417462454
8 1771.907230559345 1897.7353342428373 247.53069577080532 247.5306957708051
9 1856.4802182810367 2506.2482946794 185.64802182810377 185.64802182810354
10 1137.4249625530972 2468.961104660252 133.49929248402896 133.49929248402896
