0 1809.4060735556004 279.0743262709978 141.16481054856217 141.16481054856226
13 1704.1306216210794 422.63176072716305 83.74183676609618 83.74183676609613
2 1450.5124874151877 475.2694866944237 155.52055399417895 155.52055399417895
1 1804.6208257403946 597.2933059821642 112.45332365732952 112.45332365732952
3 1271.0656943449812 841.3409445576449 112.45332365732952 112.45332365732952
11 1830.9396887240255 1013.6098659050432 83.74183676609641 83.74183676609641
4 1224.4095281467276 1292.3505511407636 105.27545193452124 105.27545193452124
6 1524.683828550873 1226.5533936816878 155.52055399417873 155.52055399417873
7 1437.3530559233723 2036.4565864052197 143.55743445616508 143.5574344561653
8 1633.5482163467982 2002.9598516987808 129.20169101054876 129.20169101054853
10 1525.8801405046743 2751.8511347784424 114.8459475649322 114.84594756493243
9 1681.4006944988532 2682.465041457963 100.49020411931588 100.49020411931588
5 1799.4286957096574 1284.519039502573 148.63859660993853 148.63859660993853
