13 1226.6467384592552 457.2279346739487 82.24495143390254 82.24495143390243
2 1013.4190865935827 633.9022747912205 149.25935630597087 149.25935630597087
1 1546.4882162577646 566.8878699191519 149.25935630597064 149.25935630597087
3 1069.7721088723677 1104.526163551884 134.02880974413722 134.02880974413733
4 1244.9233943334561 1447.2134611931442 106.61382593283656 106.61382593283656
5 1887.652459242841 984.2048457133974 143.1671376812376 143.16713768123748
7 1895.2677325237587 1878.23792889304 170.58212149253836 170.5821214925386
10 2438.998244781224 2586.4583440183105 143.16713768123736 143.1671376812369
9 2748.1783399864507 2466.137026179824 134.02880974413756 134.02880974413756
0 1165.2267714629863 351.57251574271123 133.16698205756984 133.16698205756995
11 1816.7380036561135 831.0982467351671 121.14885521957854 121.14885521957854
6 1338.443780391161 1118.1257861917625 211.4624546567445 211.4624546567445
8 2189.85999039984 1777.0472083310474 236.25829985682458 236.25829985682458
