0 1705.0230220166882 321.69136423042124 137.2608156563117 137.2608156563118
13 1677.1419188365003 546.8848899165578 107.23501223149356 107.23501223149356
2 1344.7133809188701 746.3420126671358 197.31242250594823 197.31242250594823
1 1827.270935960591 748.4867129117656 175.8654200596493 175.8654200596493
3 1196.729064039409 1173.1373613484802 115.81381321001322 115.81381321001322
11 1861.5861398746692 1164.558560369961 90.07741027445468 90.07741027445468
4 1258.9253711336746 1518.4341007338894 94.36681076371428 94.36681076371451
6 1372.5944840990585 1537.736402935558 193.02302201668863 193.02302201668863
5 1820.836835226701 1514.14470024463 188.7336215274281 188.73362152742857
7 1434.7907911933244 2140.3971716765523 162.9972185918698 162.99721859187048
8 1883.0331423209682 2099.647867028585 167.2866190811303 167.2866190811303
10 1426.2119902148056 2719.4662377266177 102.94561174223372 102.94561174223372
9 1968.821152106163 2520.0091149760397 98.65621125297434 98.65621125297457
