0 396.5301204819277 1712.2891566265062 147.46987951807222 147.46987951807228
13 555.4698795180722 1730.3132530120479 91.7590361445782 91.7590361445782
2 658.698795180723 2030.1686746987948 140.91566265060248 140.9156626506026
3 1063.4216867469881 2195.6626506024095 111.42168674698792 111.42168674698769
11 1145.3493975903611 1474.6987951807228 98.31325301204811 98.31325301204834
4 1409.1566265060242 2207.1325301204824 75.37349397590356 75.37349397590378
12 1463.2289156626507 1523.8554216867474 72.09638554216872 72.09638554216895
6 1399.325301204819 2003.951807228916 140.91566265060214 140.91566265060214
5 1428.819277108434 1597.590361445783 127.80722891566256 127.80722891566256
7 2130.120481927711 2007.2289156626507 121.25301204819243 121.25301204819266
8 2126.843373493976 1722.120481927711 127.80722891566256 127.80722891566256
10 2756.0481927710844 2056.385542168675 95.03614457831327 95.03614457831327
9 2683.9518072289156 1686.0722891566265 101.59036144578295 101.5903614457834
1 727.6900418564384 1571.9348167334163 124.5301204819275 124.53012048192795
