0 286.9738933030647 1667.5051078320091 183.39160045402954 183.39160045402969
13 499.23269012485815 1665.8070374574345 146.03405221339392 146.0340522133938
2 616.3995459704881 1925.6118047673106 203.7684449489218 203.76844494892157
1 650.3609534619751 1422.9829738933036 203.7684449489218 203.7684449489218
3 798.0930760499433 2202.397275822929 139.24177071509666 139.2417707150962
11 913.5618615209987 1142.8013620885372 139.24177071509655 139.24177071509644
12 580.7400681044265 1227.7048808172544 139.2417707150965 139.24177071509644
4 516.2133938706013 2025.7979568671976 139.2417707150965 139.2417707150969
6 1360.154370034052 1881.461975028378 190.18388195232683 190.18388195232683
5 1366.9466515323488 1572.4131668558462 190.18388195232706 190.18388195232683
7 2086.928490351872 1959.5732122587967 190.18388195232683 190.18388195232683
8 2090.3246311010207 1572.4131668558457 190.18388195232683 190.18388195232706
10 2594.6515323496033 2002.024971623155 159.61861520998855 159.61861520998855
9 2632.009080590239 1577.5073779795694 159.61861520998855 159.61861520998855
