0 1634.0973451327432 150.5309734513274 197.36283185840716 197.36283185840705
13 1667.5486725663714 421.48672566371675 110.38938053097331 110.38938053097343
2 1443.424778761062 632.2300884955753 230.81415929203536 230.81415929203547
1 2035.5132743362833 561.9823008849559 270.9557522123896 270.95575221238954
4 1195.8849557522121 1344.7433628318583 170.60176991150433 170.60176991150456
6 1508.654867256637 1289.5486725663714 247.53982300884945 247.53982300884923
5 1911.7433628318586 1277.8407079646017 264.26548672566355 264.2654867256638
7 1468.5132743362833 2079.0 247.53982300884945 247.53982300884945
8 1901.7079646017696 2104.0884955752217 291.0265486725664 291.0265486725664
3 1345.7360907664702 977.4585994990163 138.51011935201473 138.51011935201473
11 2090.7603858788443 940.9406273564879 166.03784247614294 166.0378424761427
12 2238.4688011926537 1312.1111178525307 132.8650030769768 132.86500307697656
10 1392.3418824161638 2573.696315429087 157.15243601189195 157.15243601189195
9 1890.4357518656875 2714.5227999618637 143.11008641536569 143.11008641536546
