0 471.5100725221595 173.0088638195004 214.43352135374693 214.43352135374698
13 578.7268331990331 326.5237711522965 82.84931506849318 82.84931506849318
2 377.6954069298952 627.4617244157937 216.87026591458505 216.87026591458505
1 975.9161966156328 411.8098307816277 165.69863013698625 165.69863013698625
3 454.45286059629314 957.640612409347 175.44560838033834 175.44560838033817
11 1345.0829975825945 720.058017727639 163.2618855761482 163.2618855761482
4 415.4649476228848 1440.116035455278 126.71071716357773 126.71071716357778
12 1758.1112006446415 869.917808219178 102.34327155519736 102.34327155519759
6 760.2643029814667 1031.9613215149072 221.74375503626118 221.74375503626118
5 1268.3255439161967 816.3094278807413 204.68654311039495 204.68654311039495
7 1369.450443190975 1753.2377115229651 231.49073327961355 231.49073327961355
8 1769.0765511684126 1580.228847703465 236.36422240128968 236.36422240128945
10 2041.9919419822727 2625.5922643029817 173.00886381950045 173.00886381950022
9 2526.7589519540697 2223.9815421031426 182.75584206285248 182.75584206285248
