0 1391.899470899471 172.989417989418 111.7777777777776 111.77777777777779
13 1388.7439320388348 274.69660194174753 67.14805825242706 67.14805825242715
2 1121.677791262136 474.6146844660194 131.24393203883483 131.24393203883488
1 1619.183859223301 471.5625 137.34830097087388 137.34830097087388
3 1075.8950242718447 734.0503640776699 94.61771844660188 94.617718446602
11 1675.6492718446605 766.0983009708737 97.66990291262118 97.6699029126213
4 1019.4296116504854 1004.1686893203882 79.35679611650494 79.35679611650482
12 1732.114684466019 1039.2688106796118 100.72208737864094 100.72208737864071
6 1197.9824029126214 859.189927184466 161.76577669902917 161.76577669902917
5 1512.3574029126216 874.4508495145631 161.76577669902917 161.76577669902917
7 1185.7736650485438 1521.5139563106804 161.76577669902917 161.76577669902895
8 1481.8355582524273 1536.7748786407765 149.5570388349513 149.5570388349513
10 1178.143203883495 2075.4854368932038 91.56553398058236 91.56553398058236
9 1458.9441747572814 2099.902912621359 103.77427184466 103.77427184466023
