0 1633.7025920873134 212.46384720327433 177.39699863574356 177.39699863574367
13 1627.5143246930434 321.78990450204645 107.26330150068202 107.26330150068213
2 1439.8035470668488 447.6180081855389 169.14597544338335 169.1459754433833
1 1842.040927694407 453.8062755798091 181.5225102319239 181.52251023192377
6 1419.175989085948 823.0395634379263 177.39699863574356 177.39699863574344
5 1765.7189631650751 827.1650750341064 202.15006821282395 202.15006821282407
7 1375.8581173260573 1637.8281036834928 214.52660300136426 214.52660300136426
8 1705.8990450204637 1691.4597544338335 214.52660300136426 214.5266030013645
10 1204.649386084584 2386.6084583901775 152.64392905866293 152.64392905866316
9 1722.4010914051842 2434.0518417462486 165.02046384720347 165.02046384720325
3 979.4087323047072 621.3548212627929 130.6973541673441 130.6973541673442
4 1169.1055202144707 453.27628214549406 56.07539793492742 56.07539793492742
12 2053.0865574716754 482.3720074890887 55.01737155879664 55.01737155879664
11 2201.3737980006817 680.4119618686998 106.39402769078833 106.394027690788
