0 1397.7931034482758 173.79310344827587 129.1034482758621 129.10344827586212
13 1402.7586206896553 317.79310344827593 109.24137931034488 109.24137931034483
2 1152.0 504.0 193.65517241379303 193.6551724137932
1 1608.8275862068967 504.0 183.72413793103465 183.72413793103448
3 993.1034482758621 856.551724137931 144.0 144.0
11 1752.8275862068967 851.5862068965517 143.99999999999977 144.0
4 938.4827586206895 1199.1724137931035 114.20689655172407 114.20689655172418
12 1817.3793103448274 1233.9310344827586 114.20689655172396 114.20689655172418
6 1164.4137931034484 1112.2758620689654 228.41379310344814 228.41379310344826
5 1586.4827586206898 1102.344827586207 228.41379310344837 228.41379310344848
7 1181.7931034482758 1809.9310344827586 203.58620689655186 203.58620689655163
8 1524.4137931034484 1809.9310344827586 203.58620689655208 203.58620689655163
10 1137.1034482758619 2480.2758620689656 153.93103448275838 153.93103448275815
9 1502.0689655172412 2482.758620689655 148.96551724137908 148.96551724137908
