0 2080.0 438.4 140.80000000000018 140.8
13 2058.5060240963858 559.7546549835706 72.86746987951801 72.86746987951801
2 1737.2267250821453 680.6484118291335 142.42278203723936 142.42278203723947
1 2296.981380065717 755.1719605695511 139.1106243154436 139.1106243154436
3 1642.830230010953 925.7480832420594 102.67688937568482 102.6768893756846
11 2320.166484118291 1036.7053669222346 105.98904709748103 105.98904709748115
4 1555.0580503833517 1155.9430449069005 92.7404162102955 92.7404162102955
12 2280.4205914567365 1245.3713033953995 92.74041621029528 92.7404162102955
6 1714.0416210295725 987.0230010952905 185.48083242059147 185.48083242059147
5 2161.18291347207 1043.329682365827 178.85651697699905 178.85651697699916
7 1662.7031763417303 1611.3647316538886 228.53888280394312 228.5388828039429
8 2015.4479737130337 1636.2059145673602 231.8510405257391 231.8510405257391
10 1586.5235487404161 2217.4895947426057 129.17415115005474 129.1741511500545
9 1828.3110624315445 2267.1719605695507 129.17415115005474 129.17415115005497
