0 793.2203389830507 376.77966101694915 155.33898305084745 155.33898305084745
2 694.0992573128947 699.5566149348722 110.96627164687686 110.96627164687675
13 864.1869031978619 489.44834648873643 90.95596036629263 90.95596036629257
1 1163.4320128029644 517.6446942022872 100.05155640292173 100.05155640292173
11 1599.111062957505 609.5102141722427 83.67948353698898 83.67948353698921
4 346.64748871365725 825.0758402403559 85.49860274431512 85.49860274431512
12 1330.7909798769424 481.2623100557702 78.22212591501147 78.22212591501153
5 1605.0925543010935 924.8406579782229 121.88098689083176 121.8809868908321
7 1798.5199858104356 1823.4133356443313 173.53422353178826 173.53422353178826
8 2137.785717976707 1577.4970021203449 160.51322954617444 160.513229546174
10 2392.2470373515766 2452.277971193329 145.5295365860684 145.52953658606793
9 2768.804713268027 2148.485063569912 141.89129817141657 141.89129817141657
3 328.0990691084139 1111.086439900454 125.79181471210967 125.7918147121095
6 1190.2564061664134 1248.6785461549484 138.25305975676474 138.25305975676474
