0 294.90869576265925 2313.2461340878335 156.21305378839088 156.21305378839088
13 569.6598903669467 2330.7052400994776 117.61924049949442 117.61924049949448
2 650.523118210349 2804.8578033630665 176.4288607492415 176.42886074924127
1 900.4640042717745 1992.5499236634328 176.4288607492416 176.42886074924172
11 1496.8303096168665 1967.7396151205692 126.80824366351749 126.80824366351726
4 1733.9065912486603 3004.259172022363 97.40343353864387 97.4034335386441
12 1886.4440437714416 2052.2784442295815 82.70102847620706 82.70102847620683
6 1794.5540121312115 2785.5608967186163 229.7250791005747 229.72507910057448
5 1831.310024787305 2140.4928746042015 189.2934651788737 189.2934651788737
7 2770.426148150453 2717.562273304846 203.9958702413105 203.99587024131097
8 2779.615151314477 2368.380153071971 192.9690664444829 192.9690664444829
10 3564.356021522039 2666.103855586317 156.21305378839043 156.21305378839043
9 3586.4096291156957 2480.485991673054 145.18624999156327 145.18624999156373
3 1248.185710446885 3021.7019006198734 153.16097100980642 153.16097100980596
