0 2566.068212824011 509.5006821282401 226.90313778990458 226.90313778990458
13 2469.1186903137796 680.7094133697135 115.51432469304245 115.51432469304234
2 2122.575716234652 779.7216916780354 181.52251023192343 181.52251023192343
1 2611.4488403819923 876.6712141882674 193.8990450204642 193.8990450204641
3 1763.6562073669852 1060.256480218281 156.76944065484327 156.76944065484327
11 2545.4406548431107 1367.607094133697 243.405184174625 243.405184174625
4 1460.4311050477486 1227.3396998635742 127.89085948158231 127.89085948158254
12 2487.683492496589 1672.8949522510234 136.14188267394275 136.14188267394275
6 1788.4092769440654 1134.5156889495229 222.77762619372447 222.77762619372447
5 2143.2032742155525 1225.2769440654843 206.27557980900383 206.27557980900406
7 1283.0341064120057 1722.401091405184 235.15416098226456 235.15416098226478
10 521.8772169167802 2198.8976807639838 214.52660300136398 214.52660300136404
9 798.9742140180163 2705.008241365972 181.52251023192377 181.52251023192366
8 1530.927380895311 2024.4796426087703 190.92600437323517 190.92600437323517
