0 221.77454545454546 687.1563636363637 133.29454545454547 133.29454545454553
3 219.47636363636366 1070.9527272727273 96.52363636363637 96.52363636363634
4 156.2763636363636 908.9309090909092 66.64727272727275 66.64727272727282
11 711.2872727272727 673.3672727272726 78.1381818181818 78.1381818181818
6 740.0145454545454 1074.4000000000003 126.39999999999998 126.39999999999998
10 1516.8 1331.7963636363638 98.82181818181834 98.82181818181812
9 1662.7345454545452 1146.7927272727275 96.52363636363657 96.52363636363657
7 1089.6618750945076 1235.240398388823 123.54565060306572 123.54565060306572
8 1219.1575525292321 1071.928233969386 115.73006167417498 115.73006167417498
2 306.65007863598 798.1763754906705 119.47003960400221 119.4700396040023
5 884.8850703193509 843.5749905401913 105.13363485152206 105.13363485152206
13 323.4787772313531 727.9377563783389 84.29805994458394 84.298059944584
1 501.61165048543694 655.7766990291262 101.24271844660194 101.24271844660188
