0 1640.5319949811797 215.85947302383934 146.40903387703906 146.4090338770389
1 1831.9899623588465 504.9234629861983 206.4742785445419 206.4742785445419
2 1413.4102885821835 405.44040150564626 202.7202007528233 202.72020075282336
5 1706.2283563362619 1129.9774153074031 255.27728983688803 255.27728983688814
6 1304.5420326223336 1141.2396486825598 232.7528230865746 232.7528230865746
7 1178.7804265997493 1766.2936010037638 183.94981179422825 183.94981179422825
9 1606.745294855709 2610.961104140526 123.88456712672496 123.88456712672496
10 1028.6173149309911 2558.404015056462 131.39272271016296 131.39272271016307
8 1719.3676286072778 1826.3588456712673 183.94981179422825 183.94981179422825
11 2096.6524466750316 739.5533249686323 97.60602258469225 97.60602258469237
13 1640.192771084337 327.71084337349396 98.31325301204834 98.31325301204822
