0 427.26834611171967 1892.8981380065716 188.7929901423875 188.79299014238745
13 609.8721728459539 1846.8995084366386 93.92015734754477 93.92015734754477
2 764.3461158517832 2073.049360997173 130.99390366894352 130.99390366894386
1 756.9313665875038 1539.187413969026 126.05073749275721 126.05073749275698
3 1217.8816125168996 2205.2790562101636 123.579154404664 123.57915440466377
11 1013.9760077492042 1381.006096331056 96.39174043563787 96.39174043563798
12 1348.8755161858433 1382.2418878751027 69.20432646661175 69.20432646661175
7 2220.108554738723 1712.1982301355551 111.22123896419771 111.22123896419748
8 2079.228318717406 1457.6251720619475 121.10757131657033 121.10757131657056
10 2749.027335590684 1605.9201573475439 76.61907573089138 76.61907573089115
9 2512.991150677776 1322.9238937608638 79.0906588189846 79.09065881898482
4 1623.7217019082582 2203.3079360661313 87.97606528323581 87.97606528323558
6 1491.4407873082469 1748.4759281169145 150.76656837368978 150.76656837369
5 1419.2336831772689 1453.1722249524182 116.16440514038413 116.16440514038413
