0 740.9385729334394 581.8487129500534 133.93319824970433 133.93319824970445
13 820.0809173537191 673.1668026657611 100.11168354018321 100.1116835401831
1 1130.562422387125 673.8432329599514 104.17026530532553 104.17026530532564
3 688.8534402807761 1171.0194991899152 116.34601060075352 116.34601060075352
4 906.6639950100937 1395.594356861137 108.22884707046808 108.22884707046796
11 1472.836151247481 870.008018275175 96.05310177504089 96.05310177504066
12 1711.6160450967022 1081.7307003567782 89.28879883313652 89.2887988331363
6 1035.862181200464 1009.352658878403 139.34464060322784 139.34464060322796
5 1432.2503335960555 914.6524176917429 114.99315001237255 114.99315001237255
7 1582.4178589063304 1707.4287224829245 193.4590641384616 193.45906413846183
8 1890.1936427629753 1440.2387562777044 170.4604341359875 170.4604341359875
10 2106.6513369039103 2203.2521281245054 167.7547129592258 167.7547129592258
9 2597.7397304861606 1863.6841204409134 148.81466472189413 148.8146647218939
2 670.4276979275649 869.4657797371451 166.27885010730483 166.27885010730483
