0 1557.1624309392264 117.36574585635361 214.89502762430925 214.89502762430942
13 1586.917127071823 362.0154696132596 109.10055248618778 109.10055248618772
2 1340.614364640884 578.5635359116022 218.2011049723758 218.20110497237573
1 1871.2397790055247 527.3193370165745 228.1193370165745 228.1193370165746
4 1286.06408839779 1317.4718232044202 161.99779005524852 161.99779005524874
12 1929.096132596685 1295.982320441989 165.30386740331483 165.30386740331483
6 1413.3480662983425 1140.596685082873 231.42541436464103 231.4254143646408
5 1795.1999999999998 1112.4950276243094 221.50718232044187 221.50718232044187
7 1449.714917127072 1910.912707182321 231.42541436464103 231.42541436464103
8 1735.6906077348067 1935.7082872928179 208.28287292817686 208.28287292817686
3 1268.346604479364 952.6162177390325 136.23754714914003 136.23754714914003
11 2023.5745512027922 950.7524517552786 136.23754714914003 136.23754714914003
9 1624.5155619551438 2542.7949352824253 151.23664877216584 151.23664877216606
10 1515.619893444237 2503.3766116913257 118.84828974957873 118.84828974957827
