0 554.5911598050247 469.88434410423685 163.8717519148692 163.87175191486915
13 668.764101712925 598.8326079061007 115.51615298917 115.51615298917
2 539.815837911061 934.6353782234559 153.12606326471376 153.12606326471382
1 1089.1891701502536 606.8918743937172 150.43964110217485 150.43964110217485
3 686.8974513100624 1240.2158992122488 132.97789704567253 132.97789704567276
11 1367.9054695136574 786.210553743185 132.9778970456723 132.9778970456723
4 878.3050303909546 1584.749541557855 115.51615298917 115.51615298916977
12 1670.7995683399122 1009.8551987745432 102.08404217647603 102.08404217647592
6 1034.1175158182068 1326.8530139541267 185.3631292151797 185.3631292151797
5 1405.5153797892012 1037.3910259405664 170.58780732121613 170.58780732121613
7 1613.0414918453262 1943.3869002567894 177.303862727563 177.30386272756323
8 2010.6319719010744 1586.0927526391235 169.2445962399472 169.244596239947
10 2005.930733116631 2555.2195477750092 127.60505272059459 127.60505272059481
9 2584.854709143751 1976.2955717478894 130.29147488313356 130.2914748831338
