0 1469.3569701853344 127.92908944399679 177.8823529411768 177.88235294117652
13 1486.4141821112007 264.3867848509266 114.52699435938757 114.52699435938757
2 1247.613215149073 430.085414987913 153.51490733279616 153.51490733279616
1 1731.3070104754229 353.3279613215148 155.9516518936341 155.9516518936341
11 2077.324738114424 558.0145044319098 141.33118452860595 141.331184528606
4 1061.2022562449638 436.17727639000805 77.97582594681717 77.97582594681705
12 1951.832393231265 354.54633360193395 95.03303787268328 95.03303787268334
6 1280.5092667203867 952.767123287671 175.44560838033817 175.44560838033829
7 1399.9097502014506 1710.5946817083 160.82514101531 160.82514101531024
8 1663.078162771958 1708.1579371474618 165.69863013698637 165.69863013698637
10 1392.599516518936 2361.205479452055 136.4576954069296 136.45769540692982
9 1655.7679290894441 2361.205479452055 126.71071716357801 126.71071716357801
3 903.7852784706655 668.2254483041219 107.24217325047766 107.24217325047766
5 1735.9502968964662 939.6674803825497 170.5721192586625 170.5721192586625
