0 1546.5505984766055 268.1784548422199 227.04678998911868 227.04678998911865
13 1536.6789989118608 409.671381936888 108.58759521218735 108.58759521218718
2 1342.5375408052234 541.2927094668117 134.91186071817174 134.91186071817197
1 1748.9183895538652 546.2285092491838 144.78346028291617 144.78346028291628
3 1196.1088139281828 891.7344940152345 125.04026115342754 125.04026115342765
11 1885.475516866161 890.0892274211102 102.00652883569092 102.00652883569092
4 1145.1055495103371 1176.3656147986942 95.42546245919493 95.42546245919493
12 1966.0935799782367 1168.1392818280747 98.71599564744292 98.71599564744292
6 1327.7301414581052 1131.943416757345 118.45919477693133 118.45919477693133
7 1365.571273122959 1748.918389553864 134.9118607181722 134.91186071817197
8 1625.523394994558 1771.9521218716 141.49292709466818 141.49292709466818
9 1610.7159956474434 2342.8596300326435 98.71599564744292 98.71599564744292
5 1703.0768922939728 1075.2368104797322 155.79049922249305 155.79049922249294
10 1339.3179725779032 2376.3196091097398 116.16217104166208 116.16217104166208
