0 1265.743473325766 551.05561861521 226.19750283768417 226.1975028376845
13 1311.4642451759364 697.8433598183882 125.13053348467656 125.13053348467656
2 991.4188422247446 1143.0192962542565 226.19750283768428 226.19750283768417
1 1852.894438138479 916.8217934165722 235.82292849035207 235.82292849035207
3 1058.7968217934167 1619.477866061294 178.07037457434762 178.07037457434762
11 2103.155505107832 1258.5244040862651 149.1940976163453 149.19409761634506
4 1258.5244040862653 2059.8410896708288 144.38138479001145 144.38138479001168
12 2331.7593643586833 1665.1986379114642 125.13053348467656 125.13053348467633
6 1532.849035187287 1987.6503972758223 288.7627695800227 288.7627695800229
5 2129.6254256526663 1655.5732122587972 288.7627695800227 288.7627695800229
7 2120.0 2757.6844494892166 308.01362088535734 308.0136208853578
8 2502.6106696935303 2567.582292849035 283.95005675368884 283.95005675368884
10 2692.7128263337117 3474.77866061294 211.75936435868334 211.75936435868334
9 2942.973893303065 3383.3371169125985 192.50851305334845 192.50851305334845
