0 1866.9251101321588 401.5506607929515 213.14537444933922 213.14537444933939
13 1845.9911894273132 582.3436123348017 140.82819383259925 140.82819383259908
2 1596.6872246696037 584.2466960352424 167.47136563876666 167.47136563876654
11 2119.0116880345095 792.8080862380978 114.75205316573874 114.75205316573886
4 1360.9206687619758 276.35263084825755 169.63200232893655 169.63200232893658
6 1566.237885462555 1596.6872246696034 296.8810572687223 296.8810572687223
5 1994.4317180616736 1568.1409691629956 285.4625550660792 285.4625550660794
7 1629.6773858149688 2272.7703730175817 194.11453744493383 194.11453744493429
8 1881.1931723788684 2244.3531590308853 223.30866220260305 223.30866220260305
10 1740.928065011004 2929.2393358700533 129.8981263215485 129.89812632154826
9 1921.4869302202458 2870.1792203964415 137.02202643171813 137.02202643171768
1 1970.1064405086886 764.3601444413116 154.92980109295354 154.9298010929533
3 1107.7151282116838 473.52262781914504 172.48902935822184 172.48902935822173
