0 1769.7820658342794 439.96821793416575 190.25652667423378 190.25652667423384
13 1761.854710556186 507.35073779795687 103.05561861521028 103.05561861521005
2 1420.978433598184 705.5346197502838 190.25652667423378 190.2565266742339
1 2059.1305334846766 677.788876276958 206.1112372304201 206.11123723042
3 1321.88649262202 1014.701475595914 134.76503972758223 134.76503972758235
11 2201.822928490352 982.9920544835416 150.6197502837681 150.61975028376855
4 1284.2315550510784 1325.850170261067 114.9466515323495 114.9466515323495
12 2193.8955732122586 1308.0136208853578 118.91032917139592 118.91032917139614
6 1452.6878547105557 1212.8853575482403 229.89330306469924 229.89330306469924
5 2047.2395005675367 1220.8127128263338 237.8206583427925 237.82065834279229
7 1535.9250851305337 1874.8195232690123 293.31214528944406 293.31214528944406
8 1973.9114642451757 1864.9103291713964 281.4211123723039 281.4211123723039
10 1537.9069239500564 2582.3359818388194 225.92962542565283 225.92962542565238
9 2039.3121452894438 2556.5720771850165 229.89330306469924 229.893303064699
