0 1050.132530120482 123.21851040525735 73.26506024096398 73.26506024096376
13 1032.3713033953998 223.12541073384446 59.94414019715214 59.94414019715225
2 838.1078860898137 279.7393209200438 88.80613362541078 88.80613362541078
1 1222.1944140197152 293.0602409638554 79.92552026286967 79.92552026286955
3 578.3499452354873 435.15005476451256 79.92552026286967 79.92552026286967
11 1461.9709748083242 506.1949616648411 84.36582694414005 84.36582694414011
4 691.5777656078859 308.60131434830225 53.283680175246445 53.28368017524639
12 1364.2842278203723 357.4446878422782 48.84337349397583 48.843373493975946
6 820.3466593647316 601.6615553121578 102.12705366922228 102.12705366922239
5 1192.2223439211389 618.3127053669222 108.7875136911282 108.7875136911282
7 758.1823658269439 1067.8937568455642 111.00766703176316 111.00766703176305
8 1170.0208105147863 1095.645673603505 117.6681270536692 117.6681270536692
10 599.4414019715225 1435.329134720701 82.14567360350486 82.14567360350497
9 1269.927710843374 1541.896495071194 86.58598028477559 86.58598028477581
