0 1453.2315669218171 345.43913047651944 120.5283614503719 120.5283614503719
13 1418.5590245867784 462.66534503784044 97.41333322701303 97.41333322701314
2 1125.4934881834765 456.8865879820007 125.48158178394897 125.48158178394903
1 1647.232696653581 588.9724635440523 115.57514111679484 115.57514111679495
4 1113.9359740717969 359.4732547549876 59.43864400292318 59.43864400292318
12 1673.6498717659906 526.2316726520778 66.04293778102601 66.04293778102578
3 820.0449009462321 440.3758535367443 92.46011289343619 92.46011289343619
11 1881.6851257762228 740.8712204404119 89.15796600438489 89.157966004385
5 1548.9938267043049 979.4513331743675 110.62192078321846 110.62192078321846
7 1164.293714129829 1643.182857873677 123.8305083394232 123.83050833942343
8 1735.5651259357028 1651.4382250963054 123.83050833942343 123.8305083394232
10 1241.0686293002714 2320.948506851454 118.8772880058466 118.87728800584637
6 1101.6029774015797 954.605144844523 120.54838311586218 120.54838311586207
9 2006.274687854711 2289.4528944381386 137.2985244040865 137.2985244040865
