0 1588.8677934721945 367.13574267927675 149.07693279455998 149.0769327945601
13 1580.7151487099923 512.7186848614643 100.16106422134499 100.16106422134504
1 1867.2223789245395 685.0888884051747 137.43029741998498 137.43029741998532
2 1282.5612831208723 652.4783093563644 137.4302974199852 137.4302974199851
11 1945.2548359341902 975.0901092320919 125.78366204540998 125.78366204540998
3 1215.010797948337 913.3629417468446 137.43029741998544 137.43029741998532
12 1982.5240691328295 1322.159843394427 88.51442884676999 88.51442884676999
4 1173.0829105998669 1323.3245069318846 90.84375592168522 90.84375592168522
5 1802.0012208269188 1127.6610326390246 142.08895156981498 142.0889515698152
6 1330.3124881566296 1121.837714951737 144.41827864472998 144.41827864472998
8 1748.4266981038716 1817.1418468138654 193.33414721794497 193.33414721794497
7 1431.6382159154325 1796.1779031396304 184.01683891828543 184.01683891828543
9 1732.1214085794672 2597.46641691039 142.0889515698152 142.08895156981544
10 1488.7067292508495 2570.6791555488676 153.73558694438998 153.73558694438998
