0 865.3997271487038 1447.7598908594816 295.56343792633015 295.56343792633015
13 877.9236016371077 1147.1869031377896 155.29604365620753 155.2960436562073
1 558.5648021828104 978.1145975443384 177.8390177353341 177.8390177353342
2 1202.2919508867665 1040.7339699863574 177.83901773533444 177.83901773533432
5 802.7803547066849 608.6603001364258 125.23874488403817 125.23874488403828
6 1048.2482946793998 631.2032742155525 125.23874488403828 125.23874488403828
11 629.9508867667122 678.793997271487 105.20054570259208 105.20054570259208
12 685.0559345156889 538.5266030013643 80.15279672578447 80.15279672578447
8 842.856753069577 380.72578444747614 85.16234652114599 85.16234652114599
7 1028.2100954979535 385.73533424283767 90.17189631650751 90.17189631650751
9 892.9522510231924 215.41064120054574 55.10504774897686 55.10504774897686
10 1026.957708049113 221.67257844474767 57.609822646657676 57.609822646657676
3 1160.3433680400196 679.8199819664187 125.23874488403817 125.23874488403828
4 1133.6152372512388 559.420790909076 80.15279672578458 80.15279672578447
