0 185.64802182810368 1353.6834924965892 250.62482946793995 250.62482946794012
13 391.4079126875853 1250.0300136425649 148.5184174624829 148.51841746248283
2 731.762619372442 1395.4542974079127 216.58935879945432 216.58935879945443
1 399.1432469304229 1050.4583901773533 133.0477489768076 133.0477489768076
3 1130.905866302865 1290.2537517053206 160.89495225102337 160.89495225102337
11 691.5388813096863 857.075034106412 117.57708049113228 117.57708049113228
4 1420.2073669849933 1152.5648021828104 102.10641200545706 102.10641200545706
12 923.5989085948158 714.7448840381992 111.38881309686212 111.38881309686224
6 1185.0532060027285 942.1637107776262 201.1186903137791 201.1186903137791
5 956.087312414734 799.8335607094134 139.23601637107777 139.23601637107765
7 1789.956343792633 739.4979536152796 148.51841746248306 148.51841746248294
8 1421.7544338335606 541.4733969986357 173.27148703956323 173.27148703956345
10 2107.105047748977 592.5266030013643 89.72987721691652 89.72987721691663
9 1686.3028649386085 314.05457025920873 102.10641200545706 102.10641200545706
