0 1086.4846711591856 514.31726235926 96.918152919171 96.91815291917112
13 1091.1554255167362 592.5523978482294 61.88749523754291 61.88749523754291
2 923.592112939615 669.0360004531174 63.055183826930715 63.0551838269306
1 1256.3833609150824 695.8928380090324 63.05518382693049 63.0551838269306
3 833.0962472620757 876.300725069417 80.57051266774465 80.57051266774477
11 1332.283119225276 922.4244243502274 79.40282407835707 79.40282407835696
4 806.8232540008548 995.9888054816463 72.39669254203147 72.39669254203125
12 1357.3884238971098 1058.4601450138832 73.56438113141894 73.56438113141894
6 967.3804350416501 876.300725069417 82.9058898465197 82.9058898465197
5 1246.4580079052876 892.6483653208436 82.90588984651981 82.90588984651993
7 949.2812619061423 1324.109299099563 102.75659586610914 102.75659586610914
8 1168.8067167110119 1336.9538735828264 112.09810458121001 112.09810458121001
10 920.672891466146 1632.9629309925842 89.91202138284541 89.91202138284552
9 1107.5030657681627 1649.3105712440106 87.57664420407013 87.57664420407013
