0 1667.1999999999998 172.8 102.39999999999986 102.39999999999999
13 1626.1196199470146 412.0518862677384 118.77583929884554 118.77583929884554
2 1375.5768339260126 577.2245377926953 159.60503405782356 159.6050340578235
1 1789.436398982928 571.656920325562 163.31677903591276 163.31677903591276
3 1132.457537861188 601.3508801502735 103.92885938648988 103.92885938648999
11 2333.2070382729544 707.1356120258079 122.48758427693474 122.48758427693463
4 1292.062571919012 271.0055771003593 103.92885938648988 103.92885938648988
12 2387.0273404552445 282.14081203462604 111.35234934266782 111.35234934266771
6 1410.8384112178574 1399.3760504393922 141.04630916737892 141.04630916737892
5 1817.2744863185944 1408.6554128846144 181.8755039263574 181.8755039263574
7 1377.432706415057 1970.9847770650863 148.46979912355687 148.46979912355687
8 1874.806533478973 2011.813971824064 170.74026899209093 170.74026899209093
10 1271.647974539523 2537.025886223647 107.64060436457885 107.64060436457885
9 2001.0058627339963 2679.9280678800706 126.19932925502326 126.19932925502326
