0 187.10699019429254 888.4614629246521 91.31228703468764 91.31228703468764
13 329.9519540703383 920.1043346693458 64.18982553923593 64.18982553923593
3 469.18058974699045 1373.0494416433894 82.27146653620372 82.27146653620389
12 395.04586165942237 805.2859143386002 44.30002044257111 44.30002044257117
11 632.8194407695491 742.9042528990615 73.23064603771957 73.23064603771968
1 490.42651791842763 800.3134630644339 81.36738448635515 81.36738448635515
6 1012.0818606809489 1048.9360267727413 94.0245331842325 94.02453318423261
5 1043.2726914007185 885.7492167751071 84.07963063590057 84.07963063590046
7 1466.8351317546899 1247.8340777393878 79.55922038665835 79.55922038665858
8 1497.5739214495354 1001.019678130777 81.36738448635515 81.36738448635526
10 1933.793510501384 1382.9943441917221 67.80615373862952 67.80615373862952
2 348.8009708737864 1103.1844660194174 118.97087378640776 118.97087378640776
4 208.1990291262136 1249.1941747572823 75.70873786407768 75.70873786407765
9 1871.0873786407772 984.2135922330096 75.70873786407765 75.70873786407776
