0 1879.121698985009 362.0160834496573 154.78644605854447 154.78644605854447
13 1851.339516359117 483.067022033904 83.34654787767795 83.34654787767795
2 1642.9731466649218 522.7558543566078 127.00426343265212 127.00426343265207
1 2100.386939184083 569.3902323357847 140.89535474559852 140.89535474559847
6 1580.4632357566638 1095.2672606116098 160.7397709069503 160.7397709069504
5 1989.2582086805128 1136.940534550449 164.70865413922115 164.70865413922093
7 1436.5912185868624 1770.9696309056412 230.19522747168207 230.19522747168207
10 1238.1470569733435 2372.255440594604 134.94202989719315 134.94202989719315
9 1809.6662424202768 2407.975389685039 186.5375119167079 186.5375119167079
3 1353.8670934035654 742.4658921310437 112.2546937367108 112.25469373671103
11 2401.384781872799 700.8520592700147 124.22078451133211 124.22078451133245
8 1931.6053799264243 1819.484428614786 208.5744134665306 208.5744134665306
