13 1046.5159984017614 420.25219376933507 76.85306315405614 76.85306315405614
2 777.994060699095 622.2958311504182 105.65237005088784 105.65237005088784
1 1353.5214449236678 502.7418334612554 92.67751758849818 92.677517588498
3 733.5088522566159 929.9851895442316 90.82396723672798 90.8239672367281
11 1612.0917189955774 746.4837047190056 83.40976582964822 83.40976582964834
0 989.2988008008704 329.43487557076406 139.01627638274692 139.01627638274692
6 1037.4911099468895 853.9896251216633 142.7233770862871 142.7233770862871
5 1532.389053869469 774.286959995555 146.43047778982714 146.43047778982702
4 843.7950981869283 1194.1161146714512 88.97041688495801 88.97041688495801
7 1408.2011803008818 1587.995564422568 183.50148482522604 183.50148482522604
8 1824.323234273238 1514.780325527655 181.6479344734562 181.64793447345642
10 1727.0118408053158 2184.8387776924956 150.13757849336685 150.13757849336662
9 2116.2574146770066 2082.8935083451474 153.84467919690678 153.844679196907
