0 1639.1066499372648 561.5457967377668 177.78670012547036 177.78670012547047
13 1641.2747804265996 724.1555834378921 104.07026348808017 104.07026348808017
2 1387.603513174404 852.0752823086574 169.11417816813037 169.11417816813037
1 1862.4240903387708 849.9071518193225 164.77791718946014 164.77791718946048
3 1296.5420326223339 1159.9498117942283 125.75156838143039 125.75156838143039
11 2014.1932245922212 1149.1091593475535 104.07026348808017 104.07026348808017
4 1244.5069008782934 1476.4968632371395 108.40652446675062 108.4065244667504
12 1992.5119196988708 1452.6474278544542 104.0702634880804 104.0702634880804
7 1496.0100376411547 2087.9096612296116 177.7867001254706 177.78670012547082
8 1793.0439146800495 2059.723964868256 199.46800501882058 199.46800501882012
5 1858.0878293601008 1305.2145545796739 182.12296110414036 182.1229611041406
6 1413.6210790464243 1298.7101631116689 177.7867001254706 177.7867001254706
9 1825.5658720200759 2742.685069008783 125.75156838143062 125.75156838143039
10 1571.8946047678796 2753.5257214554567 130.0878293601006 130.0878293601004
