0 1516.7677223302762 132.8067062406302 116.29924504955034 116.29924504955011
13 1535.8740268741305 241.6295712512806 74.76380038899651 74.76380038899649
2 1288.3227766972313 278.1807625525677 114.63782726312775 114.63782726312795
3 1106.3975290840067 569.759584069654 129.5905873409272 129.5905873409273
11 1824.130012818373 787.4053140909548 116.29924504954965 116.29924504954988
4 1116.3660358025395 916.9959014318824 112.97640947670607 112.97640947670595
12 1831.6063928572723 1180.3306205797921 74.76380038899651 74.76380038899674
6 1309.0904990275083 760.8226295082002 176.11028536074718 176.1102853607473
5 1741.0591234972658 843.8935188293078 156.17327192368134 156.17327192368145
7 1354.7794881541172 1594.0236493989055 204.3543877299237 204.3543877299237
8 1729.4291989923104 1583.224433787162 212.66147666203437 212.66147666203437
10 1343.9802725423733 2312.586842026484 169.46461421505865 169.46461421505865
9 1833.2678106436945 2340.0002355024485 184.41737429285786 184.41737429285786
1 1763.6894337885744 477.32767102973173 133.2637068734507 133.26370687345087
