0 2072.4631101021564 1181.066969353008 165.90238365493747 165.90238365493747
13 1911.914822492041 1188.1992202352824 88.91168894412522 88.91168894412522
2 1770.1367239054625 1053.6301775090387 86.50867032401334 86.50867032401356
1 1836.8204906135566 1377.4369365690623 133.36753341618783 133.36753341618783
11 1507.0061850032544 1486.1735291291075 129.76300548602057 129.76300548602057
12 1224.6514971401543 1414.0829705257627 84.10565170390214 84.10565170390237
5 1220.446214554959 1218.837707641704 150.18866375696825 150.18866375696825
6 1223.4499878300985 1010.3758423470321 112.94187514524015 112.94187514524015
8 658.1398574488703 1250.0769497031533 135.77055203629936 135.77055203629925
7 721.2190962267968 1124.519226802328 100.92678204468257 100.92678204468257
9 240.01461754947076 1156.3592235188053 87.7101796340695 87.71017963406962
10 280.26517943633814 1076.458854400098 67.28452136312166 67.28452136312171
