0 1662.1893362350388 227.51686615886842 259.48204570185 259.48204570184987
13 1656.5484221980412 428.70946681175167 112.81828073993483 112.81828073993466
2 1412.1088139281835 624.2611534276386 188.0304678998914 188.03046789989128
1 1906.6289445048983 648.7051142546245 184.2698585418932 184.2698585418933
3 1248.5223068552775 1058.6115342763883 176.7486398258975 176.74863982589773
11 2021.3275299238308 1090.5767138193687 165.46681175190406 165.4668117519043
4 1086.8161044613717 1374.5027203482048 146.66376496191492 146.66376496191515
12 2186.7943416757344 1440.3133841131666 150.4243743199131 150.42437431991289
6 1372.622415669206 1310.5723612622423 191.79107725788913 191.79107725788913
5 1857.7410228509257 1348.1784548422206 206.83351468988053 206.83351468988053
7 1413.98911860718 2040.1305767138176 206.83351468988008 206.8335146898803
10 1413.989118607183 2822.3373231773667 161.70620239390655 161.70620239390655
9 1692.2742110990223 2837.3797606093594 169.22742110990248 169.22742110990248
8 1770.6431269704492 2053.4438679107975 206.8335146898803 206.83351468988008
