0 1285.5732952547578 445.35075874582844 148.69813445956197 148.74730712307354
13 1297.9648064597213 579.4487098643567 92.37308352790956 92.40363018251537
2 1100.8271281989387 654.9492369647046 99.13208963970806 99.16487141538232
3 985.9240242983683 941.1751158227398 108.14409778877223 108.17985972587178
11 1629.156105937836 964.8394601377743 110.39709982603813 110.43360680349372
4 1098.5741261616727 1184.5798002059512 112.65010186330414 112.687353881116
6 1279.9407901615923 1036.9593666216888 137.43312427323121 137.47857173496163
5 1607.7525865838084 1042.5937343157448 130.67411816143317 130.71733050209514
7 1495.1024847205038 1729.9865929905545 171.22815483222257 171.2847778992966
8 1857.835812720344 1702.9416280590863 171.22815483222257 171.28477789929684
10 1687.7341589067546 2267.505271003479 150.95113649682776 151.0010542006953
9 2220.569140720184 2221.3034559122216 144.1921303850295 144.23981296782904
1 1432.6690058546105 678.8668683806391 95.21989890825739 95.2397682187451
