9 1613.680703935973 402.19602299451043 86.32422565737079 86.3242256573709
10 1819.4201084193735 418.02213103169504 83.44675146879172 83.44675146879177
8 1592.0996475216307 815.113569055601 112.22149335458221 112.22149335458221
7 1813.6651600422156 881.2954753929185 106.46654497742406 106.46654497742406
6 1899.989385699586 1422.2606228457757 117.97644173174035 117.97644173174035
12 1318.7395996066223 1459.6677872973032 83.44675146879126 83.44675146879149
4 1969.0487662254832 1528.7271678232 83.44675146879194 83.44675146879194
11 1317.300862512333 1768.996262569549 103.58907078884499 103.58907078884522
3 2016.527090337037 1826.5457463411299 86.32422565737102 86.32422565737102
1 1462.613309035574 2161.7714893105863 123.73139010889827 123.73139010889827
2 1846.7561132108744 2160.3327522162967 120.85391592031942 120.8539159203192
13 1705.7598779705017 2312.8388842109853 103.58907078884499 103.58907078884522
0 1705.759877970502 2496.997232280043 149.62865780610946 149.62865780610946
5 1526.9994133714722 1480.9336886675778 135.60882923611166 135.60882923611143
