0 1610.2785082922874 238.22564986742526 132.8825184990351 132.88251849903523
2 1336.3220831675633 402.96356663677716 116.49974224572952 116.49974224572946
1 1853.2896893829875 392.0417158012401 116.49974224572975 116.49974224572958
3 1055.9945783887772 730.6190917028915 141.98406086198293 141.98406086198293
11 2184.5858313942817 714.2363154495858 141.98406086198293 141.98406086198293
12 2115.4141094358797 506.72114957437975 65.53110501322317 65.53110501322277
6 1290.6062175177485 762.9683365393497 190.0385444034132 190.0385444034132
5 1821.460829134223 752.5668702915048 186.60608129331104 186.60608129331092
8 1869.1520810486036 1406.6289974132724 179.74115507310648 179.7411550731067
7 1298.1996821607233 1387.8014511821464 179.7411550731067 179.7411550731067
10 1161.572469798971 2052.1630428028843 141.98406086198293 141.9840608619827
9 2022.5783773338153 2079.467669891727 141.9840608619827 141.9840608619827
