0 844.0776699029126 555.990291262136 168.81553398058236 168.81553398058247
13 967.019417475728 671.5922330097087 106.42718446601941 106.42718446601941
2 911.9708737864078 939.4951456310679 187.1650485436893 187.16504854368918
1 1223.9126213592235 671.5922330097088 172.485436893204 172.485436893204
3 1067.9417475728155 1278.9611650485435 117.4368932038833 117.43689320388353
11 1548.6990291262134 871.6019417475728 110.09708737864048 110.09708737864071
4 1183.5436893203882 1592.7378640776697 84.40776699029107 84.40776699029107
12 1853.3009708737864 1007.3883495145633 80.73786407767034 80.73786407767022
6 1387.2233009708739 1374.378640776699 168.8155339805828 168.8155339805826
5 1651.4563106796113 1095.4660194174758 146.79611650485435 146.79611650485458
7 1908.3495145631068 1851.4660194174767 139.45631067961153 139.45631067961176
10 2370.7572815533986 2185.4271844660198 102.75728155339812 102.75728155339812
9 2603.7961165048546 1827.6116504854376 106.42718446601975 106.42718446601953
8 2137.5396564600446 1520.1898431665422 139.4563106796113 139.45631067961176
