0 716.7561214495593 152.53281096963758 186.59353574926536 186.59353574926536
13 771.5494613124388 328.7600391772772 136.24289911851133 136.24289911851133
2 540.5288932419198 544.9715964740448 189.55533790401557 189.55533790401563
3 536.0861900097943 919.6395690499511 174.7463271302645 174.7463271302645
4 694.5426052889325 1140.2938295788442 136.24289911851133 136.24289911851156
1 1020.3408423114593 405.76689520078367 154.01371204701275 154.01371204701275
11 1334.2918707149854 645.6728697355534 130.3192948090109 130.31929480901078
12 1578.6405484818806 901.8687561214496 133.28109696376123 133.281096963761
6 872.2507345739472 903.3496571988244 225.09696376101874 225.09696376101863
7 1389.085210577865 1523.8472086190006 257.67678746327147 257.676787463271
10 1886.6679725759068 2290.953966699315 222.1351616062684 222.1351616062684
9 2270.2213516160623 2067.3379040156706 207.32615083251676 207.32615083251721
8 1719.3261508325172 1436.4740450538684 242.86777668952004 242.86777668952004
5 1397.007348612909 723.7609200913262 198.44074436826645 198.44074436826634
