0 240.1573915099981 1526.244310492219 113.3247815862461 113.32478158624599
13 410.1445638893666 1545.1317740899267 86.34269073237778 86.3426907323776
2 538.3094954452399 1778.5268599758851 132.21224518395343 132.21224518395343
1 590.9245726102827 1404.824901649813 118.72119975701935 118.72119975701958
3 933.5971264544069 1930.97567330024 97.13552707392489 97.13552707392478
11 1006.4487717598506 1321.1804200028218 80.94627256160413 80.94627256160402
4 1251.9857985300498 1936.3720914710134 75.54985439083066 75.54985439083089
12 1251.98579853005 1375.144601710558 70.15343622005662 70.15343622005685
6 1133.2645987730305 1739.4028282377767 124.11761792779271 124.11761792779294
5 1158.8975850842048 1427.759678875601 116.02299067163244 116.02299067163244
7 1818.609706461279 1742.1010373231634 118.72119975701912 118.72119975701912
8 1772.7401520097042 1526.244310492219 124.11761792779316 124.11761792779294
10 2371.742568965574 1785.2723826893523 86.34269073237738 86.34269073237738
9 2340.7131644836254 1578.8593876572615 78.24806347621734 78.24806347621734
