0 1639.8908594815825 185.64802182810365 198.02455661664385 198.02455661664385
13 1611.0122783083223 346.54297407912685 99.01227830832204 99.01227830832192
2 1330.4774897680763 490.93587994542986 198.02455661664408 198.02455661664408
1 1856.4802182810367 538.3792633015007 218.6521145975446 218.65211459754448
3 1181.9590723055935 915.8635743519783 156.76944065484327 156.76944065484315
11 1959.6180081855389 983.9345156889495 177.39699863574378 177.39699863574356
4 1134.5156889495224 1169.5825375170532 127.89085948158231 127.89085948158254
12 1976.1200545702593 1243.8417462482948 127.89085948158254 127.89085948158277
6 1351.1050477489769 1126.2646657571622 198.02455661664408 198.02455661664385
5 1763.656207366985 1138.6412005457025 206.27557980900428 206.27557980900428
7 1313.975443383356 1877.107776261937 231.02864938608468 231.02864938608423
8 1759.5306957708049 1947.2414733969986 255.78171896316508 255.78171896316508
10 1316.038199181446 2510.3738062755797 177.39699863574333 177.39699863574333
9 1718.275579809004 2553.6916780354704 156.76944065484304 156.76944065484304
