0 2735.6730987514184 1735.1101021566406 216.24517593643623 216.245175936436
13 2577.7797956867194 1741.9750283768444 106.40635641316658 106.40635641316658
2 2414.737797956869 1499.9863791146424 171.62315550510766 171.62315550510766
1 2474.805902383655 2054.3291713961407 188.78547105561847 188.78547105561825
11 2552.618429402556 2461.5992132999418 88.29224357683643 88.29224357683643
4 2561.4476537602404 1580.7142908448898 73.35047927921823 73.35047927921823
12 2688.4526502899976 2126.088687707964 93.72561241233416 93.72561241233416
6 1611.9664497570302 1610.5978194401273 165.71774948267762 165.71774948267762
5 1596.345514354975 2043.2298129666237 164.35940727380307 164.35940727380307
7 977.6206382126838 1654.0647701241078 165.7177494826774 165.71774948267762
8 899.5159612024054 2026.929706460132 164.35940727380296 164.35940727380307
10 346.67068219052226 1596.3352262469455 91.00892799458524 91.00892799458506
9 324.25803574409485 1984.1419268805885 122.25079879869651 122.25079879869668
3 2310.7052188181483 1362.9559011312556 151.18348784772115 151.18348784772115
