0 1239.7162346521145 507.43792633015005 140.26739427012285 140.26739427012268
13 1297.4733969986355 651.830832196453 90.7612551159616 90.76125511596172
2 1169.5825375170534 858.1064120054573 198.02455661664385 198.02455661664385
1 1563.568894952251 736.4038199181446 185.64802182810354 185.64802182810342
3 1212.900409276944 1223.2141882673943 144.39290586630295 144.39290586630295
4 1322.2264665757161 1464.556616643929 115.51432469304223 115.51432469304223
6 1448.054570259209 1190.2100954979537 193.89904502046397 193.89904502046397
5 1736.8403819918144 1115.9508867667123 193.89904502046375 193.89904502046397
7 1786.3465211459754 1879.1705320600274 226.90313778990458 226.90313778990458
8 1996.7476125511594 1796.6603001364256 226.90313778990435 226.90313778990458
10 2137.0150068212824 2431.9890859481584 169.14597544338358 169.14597544338312
9 2287.596180081855 2384.5457025920873 148.51841746248283 148.51841746248283
11 1798.2877809928582 971.9151918415405 43.90074199184642 43.90074199184653
12 1930.9668621485357 1248.8009391666287 56.39918739760628 56.399187397606056
