0 1085.5164585698071 311.2712826333711 110.12485811577744 110.12485811577733
2 930.9669621273166 435.56809024979856 73.39242546333594 73.39242546333605
1 1251.6599516518936 440.3545527800161 76.583400483481 76.58340048348106
13 1090.515713134569 386.1079774375504 54.246575342465576 54.246575342465746
3 851.1925866236905 542.4657534246575 67.01047542304605 67.01047542304599
11 1325.850120870266 556.027397260274 71.79693795326352 71.79693795326341
4 931.7647058823529 619.8468976631748 68.60596293311835 68.60596293311835
7 971.6518936341661 1020.3142626913777 110.08863819500402 110.08863819500391
8 1191.829170024174 1063.3924254633362 122.85253827558427 122.85253827558438
10 922.1917808219177 1398.4448025785657 103.7066881547139 103.7066881547139
9 1154.3352135374698 1442.3207091055601 111.68412570507644 111.68412570507644
12 1283.1553398058254 636.7718446601941 67.28155339805812 67.28155339805824
