0 1940.8000000000002 888.0 73.60000000000014 73.60000000000002
13 1854.0881488736534 900.3878550440743 65.15964740450545 65.15964740450545
1 1919.2477962781586 924.0822722820764 82.93046033300675 82.93046033300675
3 1387.6043095004898 1044.0352595494614 79.96865817825665 79.96865817825653
11 2157.6728697355534 1212.8579823702253 91.81586679725751 91.81586679725751
6 1417.2223310479922 1150.6601371204702 97.73947110675795 97.73947110675795
5 1692.6699314397647 1195.0871694417237 103.66307541625883 103.66307541625861
7 1045.5161606268362 1572.71694417238 130.31929480901078 130.3192948090109
10 488.6973555337905 1800.7757100881508 136.24289911851127 136.24289911851133
9 1159.5455435847207 2009.582761998041 109.58667972575927 109.58667972575881
8 1418.7032321253673 1682.3036238981392 124.39569049951024 124.39569049951024
2 1578.1516733014014 930.069642919466 82.9304603330072 82.93046033300698
