0 2400.0 1302.3999999999999 128.0 128.0
13 2270.2603817705813 1370.8811936934374 103.59786153500318 103.59786153500318
2 2061.6921059580236 1243.074106273209 115.06079304179184 115.06079304179161
1 2257.7216052144095 1555.584902189185 140.62985816218998 140.62985816218975
3 1806.7117065629425 1174.1796808099134 107.95827495279218 107.95827495279218
11 2147.6325748349163 1877.3289716208617 110.79928218839223 110.79928218839223
4 2090.1021783140213 1153.5823783518154 69.6046772721952 69.60467727219475
12 2457.3023635152945 1794.9397617884679 82.38920983239404 82.38920983239404
6 1589.3746530395579 1334.6965896213019 125.00431836639086 125.00431836639086
5 1675.3151219164522 1558.4259094247855 151.99388710458925 151.99388710458902
7 1019.0424504928994 1495.92375024159 140.62985816218998 140.62985816218952
8 1046.0320192310985 1751.6144014455717 163.3579160469884 163.3579160469883
10 445.8692407106415 1473.9059441656914 90.91223153919327 90.91223153919304
9 445.1589889017417 1784.285984654969 95.17374239259323 95.17374239259311
