0 1967.7192834462028 457.974262801455 118.99956104716375 118.99956104716375
13 1917.659595585947 571.0280631726631 103.87669137430976 103.87669137430976
2 1657.9678671501717 587.6041309451593 110.50711848330866 110.50711848330855
3 1350.7615419395672 861.6652489567581 106.09376208996264 106.09376208996287
4 1207.654145053485 1138.5750581934544 84.88609502554823 84.88609502554846
12 1849.015751913184 1473.4035441275619 89.60198919363438 89.60198919363438
11 1973.9869473674635 1223.4611532190029 122.61324837023653 122.61324837023676
6 1331.9718676244115 1145.665079285868 112.71726085297473 112.71726085297496
7 1015.921508762149 1799.867220707055 139.2389692889691 139.23896928896875
8 1392.7507827902314 1913.689552744863 167.9708200946293 167.9708200946293
10 739.6537125538775 2257.3666912279523 108.29697611364247 108.29697611364236
9 1113.1677730274605 2451.859219758575 108.29697611364213 108.29697611364236
1 2050.2406352715907 825.1180398666984 106.08683374397606 106.08683374397594
5 1722.04060504157 1330.1233480046067 128.16992244441985 128.16992244441985
