0 2757.5158512516236 1458.7728268695878 179.78956257383334 179.7895625738338
13 2593.1030275821313 1412.6426101565648 106.4543462608226 106.45434626082283
2 2420.4104214256863 1225.7560911653436 101.7230419825637 101.72304198256347
11 2544.6071587299784 2024.1636881215125 141.93912834776302 141.93912834776302
12 2725.579547373377 1791.1469524172676 120.64825909559886 120.64825909559909
3 2122.338251895383 1190.2713090784023 82.79782486952854 82.79782486952877
6 1572.3241295477983 1357.0497848870243 123.01391123472854 123.01391123472831
5 1629.0997808869042 1622.0028244695163 146.67043262602215 146.67043262602215
7 844.8860967655114 1464.6869572174119 139.57347620863447 139.57347620863425
8 849.6174010437703 1819.534778086821 149.0360847651517 149.03608476515183
10 241.64480128751654 1443.3960879652473 115.91695481734033 115.91695481734018
9 193.1489324353639 1846.7397776868083 108.81999839995188 108.81999839995183
1 2495.5339805825247 1677.1456310679614 183.49514563106823 183.49514563106777
