0 1160.4613710554959 136.99891186071812 163.47769314472248 163.47769314472248
13 1142.0413492927094 247.51904243743195 94.40261153427628 94.40261153427639
2 922.1523394994567 336.165397170838 133.54515778019595 133.5451577801959
1 1306.6702937976063 345.3754080522307 147.36017410228533 147.3601741022852
3 795.5146898803046 564.1131664853101 82.89009793253535 82.89009793253524
11 1355.0228509249182 566.4156692056583 92.10010881392827 92.10010881392816
4 689.5995647442871 729.8933623503806 69.07508161044609 69.0750816104462
12 1402.224156692056 731.044613710555 71.3775843307942 71.37758433079432
6 833.5059847660496 592.8944504896638 112.822633297062 112.822633297062
5 1280.191512513602 652.7595212187159 135.84766050054418 135.84766050054395
7 817.3884657236129 1007.3449401523396 158.87268770402613 158.87268770402625
8 1144.3438520130571 1025.7649619151252 172.6877040261154 172.6877040261154
10 696.5070729053325 1379.1991294885747 142.75516866158864 142.75516866158864
9 1086.781284004352 1410.282916213276 145.05767138193664 145.05767138193687
