0 1973.2835536029938 825.1197997150468 114.99097411759999 114.99097411759999
2 1772.0493488971942 962.6427890313655 63.711215389480685 63.711215389481026
1 2096.8211541752803 1046.55512149556 79.25053621618372 79.25053621618395
11 2064.96554648054 1309.9466095081702 77.6966041335138 77.69660413351357
12 1920.4498627922053 1424.9375836257702 62.15728330681077 62.15728330681077
6 1465.9247286111517 1146.0067747864568 66.81907955482166 66.81907955482143
7 1075.1108098195796 1516.6195765033158 114.99097411759999 114.99097411759999
8 1437.176985081752 1633.1644827035857 127.42243077896183 127.4224307789616
10 479.1778561155319 1818.8593665826825 122.76063453095122 122.76063453095117
9 1193.2096481025196 2030.9710958671744 111.88310995225925 111.88310995225925
5 1835.6462560996893 1244.2793603673813 132.55480373107844 132.5548037310782
13 1937.1680771738058 952.6850362688817 93.23807538150277 93.23807538150265
