0 332.61563255439177 1493.7244157937148 199.8130539887189 199.81305398871905
2 622.5882352941178 1866.546333601934 199.81305398871893 199.81305398871882
1 720.0580177276391 1357.2667203867848 155.95165189363433 155.95165189363433
3 1074.6043513295729 2011.5326349717968 134.02095084609164 134.02095084609164
11 1056.3287671232874 1323.1522965350523 116.96373892022552 116.96373892022552
4 1442.552780016116 1948.177276390008 95.03303787268305 95.03303787268328
6 1356.0483481063657 1766.6398066075744 180.31909750201453 180.31909750201453
5 1314.6236905721194 1376.760676873489 175.4456083803384 175.4456083803384
7 2059.0491539081386 1689.8823529411766 173.00886381950045 173.00886381950045
8 1942.0854149879128 1451.081385979049 148.64141821112003 148.6414182111198
10 2646.3045930701046 1699.6293311845284 109.65350523771167 109.65350523771144
13 487.3489121676067 1553.4246575342465 85.28605962933125 85.28605962933125
9 2455.2911392405067 1353.4177215189875 103.89873417721537 103.89873417721515
