0 1372.889375684556 612.749178532311 112.61336254107323 112.61336254107346
13 1376.2015334063526 708.8017524644031 86.11610076670308 86.1161007667032
2 1154.2869660460021 791.60569550931 112.61336254107346 112.61336254107334
1 1583.2113910186201 826.3833515881709 109.30120481927725 109.30120481927702
3 1051.6100766703178 1030.081051478642 105.98904709748092 105.98904709748092
11 1717.3537787513694 1099.636363636364 92.74041621029573 92.74041621029596
4 1074.7951807228915 1268.5564074479737 92.74041621029573 92.74041621029573
12 1763.7239868565168 1324.8630887185104 79.49178532311089 79.49178532311066
6 1222.186199342826 1104.6046002190574 122.54983570646232 122.54983570646232
5 1616.332968236583 1107.916757940854 122.54983570646209 122.54983570646186
7 1280.148959474261 1593.1478641840085 132.48630887185118 132.48630887185118
8 1664.3592552026282 1596.460021905804 139.1106243154436 139.1106243154436
10 1298.3658269441405 2075.0668127053664 102.67688937568482 102.6768893756846
9 1846.5279299014237 2109.8444687842275 105.9890470974808 105.98904709748103
