0 2265.3311230961617 287.8711054790597 153.3242000164969 153.32420001649672
2 1791.8299171628576 672.4700441759021 110.80572438166973 110.80572438166996
1 2423.8090777350626 707.9021072049246 132.70918152688364 132.70918152688364
3 1684.245289420196 982.3395408478971 109.51728572606908 109.51728572606919
11 2391.5981113450407 1115.0487223747818 135.2860588380854 135.28605883808518
12 2248.5814205733514 1487.407493843416 106.94040841486776 106.94040841486753
6 1633.3519625239633 1211.0374022170417 123.6901109376779 123.6901109376779
5 2054.6714029054306 1278.0362123082841 144.30512942729092 144.30512942729092
7 1531.5653087315004 1879.7370644738637 170.07390253930726 170.07390253930726
8 1810.5122776690755 1961.552919104515 176.51609581731168 176.51609581731145
10 1222.3400313873044 2500.764496473456 128.84386556008144 128.8438655600812
9 1555.4014238601144 2635.406335983741 122.40167228207724 122.40167228207747
13 2170.1660067633184 478.8108899428519 112.09416303727085 112.09416303727068
