0 1568.3066812705367 831.3515881708652 86.11610076670331 86.1161007667032
13 1573.2749178532313 909.1872946330777 56.30668127053673 56.30668127053684
2 1415.9474260679078 960.5257393209201 105.98904709748103 105.98904709748092
1 1699.1369112814891 972.1182913472071 102.67688937568482 102.67688937568471
3 1141.038335158817 1146.0065717415114 72.86746987951824 72.86746987951824
11 1957.4852135815993 1180.7842278203725 96.05257393209195 96.05257393209195
4 1275.1807228915663 1005.2398685651699 49.682365826944306 49.68236582694419
6 1411.7338451137703 1212.8187313878643 122.90689953795777 122.906899537958
5 1728.704270237978 1225.7562997602809 142.31325209658303 142.31325209658303
7 1369.6867479034163 1617.1177430258845 116.43811535174996 116.43811535174996
8 1697.977545353489 1651.0788600034784 126.14129163106259 126.14129163106281
10 1240.3110641792496 2047.2918914087386 90.56297860691666 90.56297860691689
9 1764.2825832621247 2079.63581233978 97.03176279312493 97.03176279312515
