0 168.5407969639469 953.0863377609107 94.95256166982924 94.95256166982915
13 335.60695187165777 990.096256684492 62.43850267379679 62.43850267379685
3 697.9732620320856 1397.0614973262032 73.58823529411768 73.5882352941178
4 1025.7754010695185 1472.8796791443851 64.6684491978607 64.66844919786058
11 927.6577540106952 908.7032085561498 73.58823529411757 73.58823529411745
12 1200.826203208556 941.0374331550802 66.89839572192523 66.89839572192523
6 974.4866310160428 1261.0347593582887 91.4278074866312 91.42780748663131
5 1043.6149732620322 982.2914438502673 82.50802139037444 82.50802139037444
7 1654.6203208556149 1363.6122994652405 91.42780748663085 91.42780748663085
8 1664.6550802139031 1148.4224598930487 93.65775401069527 93.65775401069527
10 2159.7032085561495 1391.4866310160428 93.65775401069504 93.65775401069527
9 2186.46256684492 1226.4705882352941 93.65775401069504 93.65775401069527
2 387.20394112001094 1265.9389716617934 124.73218102774797 124.73218102774831
1 593.5012894104797 852.8366419370684 102.21510529517354 102.21510529517354
