0 2763.4535059557943 562.132415027825 182.43441512692516 182.43441512692561
13 2587.3646357028465 698.5616298183954 115.80619395013537 115.80619395013548
2 2148.718054545995 673.5085984834554 142.45100737506164 142.45100737506164
1 2658.807772873869 1078.558685110525 146.7677045682458 146.76770456824534
3 1832.1602603791912 847.6153852751974 119.42862234474887 119.42862234474887
11 2514.9178664344117 1399.4331764705125 138.1343101818784 138.13431018187816
4 1477.4716410059325 1051.219602887028 100.72293450761936 100.72293450761936
12 2200.5184208642004 1695.1269342035953 105.03963170080306 105.03963170080306
6 1625.6782446385728 1127.481253299939 164.03449334098013 164.03449334098013
5 2026.4116340724581 1447.6362951277313 182.74018117810942 182.7401811781092
7 1120.624673036081 1610.9513389365134 169.79008959855855 169.79008959855855
8 1399.0516419964288 2036.146012465108 162.59559427658564 162.59559427658587
10 516.2870659903645 1979.3094994215223 115.11192515156483 115.11192515156472
9 965.2235740814683 2616.741784948313 117.9897232803545 117.98972328035416
