0 1627.6327122751077 226.98602502492452 157.62326875221015 157.6232687522103
13 1615.8697817712118 357.5545536181734 96.45603013194955 96.45603013194955
1 1831.7195565177087 593.4013102212937 151.741803500262 151.741803500262
3 1165.9376899971785 780.4319052332448 135.27370079480716 135.27370079480727
11 1934.6451984268006 865.7131513864929 148.2129243490931 148.2129243490931
4 1195.3450162569188 1043.9215485205214 78.81163437610508 78.81163437610508
12 1952.8777407078405 1119.2043037454582 83.51680657766337 83.5168065776636
6 1382.9637577940648 920.9989247548058 138.80257994597628 138.80257994597628
5 1738.7924055369267 930.9974156831175 144.68404519792443 144.68404519792443
7 1312.3861747706874 1731.4648364732593 221.14309347325002 221.1430934732498
8 1860.5387362522542 1826.7445735548195 237.61119617870486 237.61119617870463
10 1255.924108351985 2316.0824825169057 117.62930503896291 117.62930503896314
9 1917.5889491961516 2369.6038163096337 121.1581841901318 121.15818419013203
2 1348.6442364480267 516.838750503598 165.46205905127795 165.46205905127795
