0 1447.4129244249725 336.18400876232204 109.30120481927702 109.30120481927707
2 1131.1018619934284 433.89266155531215 152.35925520262867 152.35925520262867
1 1611.3647316538882 705.4895947426068 172.2322015334064 172.23220153340617
3 761.7962760131434 720.3943044906899 142.4227820372397 142.4227820372398
11 1707.4173055859806 996.9594742606791 132.48630887185118 132.48630887185118
4 723.7064622124863 301.4063526834611 92.74041621029573 92.7404162102957
12 1622.9572836801751 1376.2015334063526 96.05257393209195 96.05257393209195
6 1144.3504928806135 1079.7634173055858 192.1051478641839 192.10514786418412
5 1500.4074479737133 1184.0963855421687 221.9145673603507 221.91456736035047
7 943.9649507119391 1882.961664841182 221.9145673603507 221.91456736035047
8 1536.8411829134723 1899.522453450164 228.53888280394312 228.53888280394312
10 816.446878422782 2580.1708652792986 125.86199342825853 125.8619934282583
9 1657.734939759036 2527.1763417305583 112.61336254107323 112.61336254107346
13 1343.07531497029 421.1547757041331 97.09790833799843 97.09790833799843
