0 1463.262618416903 370.41226502604184 115.62557111671777 115.62557111671765
13 1470.28660170904 525.4802038601443 90.77147639069426 90.7714763906942
2 1227.8618196265509 678.2360446738526 105.90005578914315 105.90005578914327
1 1706.2277069064787 694.3575476555231 101.57760453244373 101.57760453244362
3 1193.1094148731702 949.6207334238047 96.174540461569 96.17454046156888
11 1750.705626987435 955.0237974946795 98.3357660899187 98.3357660899187
4 1148.8042894919981 1230.580065109287 76.72350980642 76.72350980642022
12 1789.6076882977322 1218.6933241533625 72.40105854972035 72.40105854972012
6 1294.6870194056141 1093.342237709071 106.98066860331846 106.98066860331824
5 1662.0953762250901 1091.1810120807208 106.98066860331824 106.98066860331824
7 1334.6696935300865 1747.1129902849034 141.5602786569159 141.5602786569159
8 1629.676991799843 1737.3874749573292 145.88272991361578 145.882729913616
10 1270.9135374937655 2381.4327122055893 102.65821734661836 102.65821734661858
9 1667.498440295965 2396.561291604038 100.49699171826842 100.49699171826842
