0 2591.5768854064636 271.00489715964727 228.05876591576862 228.0587659157686
13 2495.3183153770815 447.2321253672869 136.2428991185111 136.2428991185114
3 1910.362389813908 661.9627815866797 103.66307541625883 103.6630754162585
1 2668.5837414299704 659.0009794319296 192.51714005876602 192.51714005876602
11 2597.500489715965 1106.2331047992163 168.82272282076383 168.82272282076372
12 2353.1518119490697 1306.1547502448584 148.09010773751197 148.0901077375122
6 1741.5396669931433 878.1743388834478 192.5171400587658 192.5171400587658
5 2111.7649363369246 1076.6150832517142 204.36434867776688 204.36434867776688
7 1266.1704211557294 1531.251714005877 225.09696376101851 225.09696376101874
10 632.3447600391773 2099.9177277179238 219.1733594515182 219.17335945151808
9 918.1586679725759 2379.808031341822 192.5171400587658 192.51714005876602
8 1559.388834476004 1735.6160626836436 254.7149853085209 254.71498530852114
2 2130.933176323578 545.0129794560607 153.7317956777897 153.73179567778988
