0 1560.0544835414307 284.8944381384791 171.62315550510834 171.623155505108
13 1515.4324631101022 435.9228149829739 109.83881952326897 109.83881952326897
2 1179.0510783200907 538.8967082860386 144.1634506242906 144.1634506242906
1 1712.7990919409754 729.3984108967082 147.59591373439275 147.59591373439275
3 1084.6583427922815 911.3189557321227 133.866061293984 133.866061293984
4 1038.3200908059023 1184.1997729852437 102.97389330306476 102.97389330306464
12 1693.9205448354141 1355.8229284903523 102.97389330306464 102.97389330306464
6 1218.5244040862658 1062.3473325766172 181.92054483541438 181.92054483541438
5 1654.4472190692395 1172.1861520998864 181.92054483541438 181.92054483541438
7 1213.3757094211123 1901.5845629965952 185.35300794551654 185.35300794551654
8 1515.432463110102 1959.936435868332 185.3530079455163 185.35300794551654
9 1477.6753688989781 2601.8070374574354 185.3530079455163 185.35300794551677
10 1268.2951191827474 2660.1589103291726 185.35300794551654 185.3530079455163
