0 1904.7272727272725 320.0727272727274 235.63636363636374 235.63636363636385
13 1892.9454545454546 485.0181818181817 94.25454545454545 94.25454545454528
2 1568.9454545454546 648.0000000000002 231.70909090909095 231.70909090909106
1 2264.072727272727 675.4909090909093 247.4181818181819 247.41818181818178
3 1237.0909090909088 665.6727272727272 133.5272727272727 133.5272727272727
11 2737.309090909091 763.8545454545454 125.67272727272757 125.67272727272723
4 1517.8909090909092 353.45454545454544 113.89090909090896 113.89090909090908
12 2468.290909090909 416.29090909090917 121.74545454545478 121.74545454545472
6 1614.10909090909 1545.3818181818192 243.49090909090887 243.49090909090864
5 2124.6545454545444 1612.1454545454562 267.0545454545454 267.05454545454563
7 1568.9454545454541 2262.1090909090913 223.8545454545456 223.8545454545456
8 2012.727272727273 2375.9999999999995 247.41818181818167 247.41818181818144
10 1521.818181818182 2965.090909090909 137.4545454545455 137.4545454545455
9 2004.8727272727274 3106.472727272727 145.30909090909063 145.30909090909063
