0 197.56944676648135 1670.080882214389 103.00245922229843 103.00245922229828
2 522.9064826027657 1844.6826118717 115.563734737213 115.56373473721283
1 530.4432479117143 1465.3320913212833 120.5882449431785 120.58824494317855
3 888.4396000867762 2180.068668119916 97.97794901633267 97.97794901633279
11 805.5351816883408 1024.4313207477862 92.95343881036695 92.95343881036695
12 522.9064826027657 1181.4472646842169 90.44118370738403 90.4411837073842
6 1237.6430594013977 1840.914229217226 113.05147963422974 113.05147963422974
5 1242.667569607364 1449.0024331518948 123.10050004616164 123.10050004616164
8 1997.600228053722 1362.3296320989848 140.68628576704168 140.68628576704168
10 2675.909105859103 2073.2978262431434 100.49020411931588 100.49020411931588
9 2696.007146682966 1261.8394279796692 105.51471432528115 105.51471432528115
13 344.53637029098047 1661.287989353949 80.39216329545258 80.39216329545252
7 2023.215126473927 1908.4991869291416 130.63726535511023 130.63726535511023
4 577.5514201762977 1999.2164544564152 77.00685602350632 77.00685602350609
