0 1629.5815991237678 193.76122672508214 149.04709748083224 149.0470974808324
13 1621.3012048192772 344.46440306681257 92.7404162102955 92.74041621029556
2 1301.6779846659365 548.1621029572837 168.92004381160996 168.92004381161013
1 1859.776560788609 563.066812705367 172.23220153340617 172.2322015334064
3 1132.7579408543265 833.0076670317633 129.17415115005474 129.17415115005474
11 1979.0142387732749 867.7853231106244 139.11062431544337 139.1106243154436
4 1180.784227820372 1059.8904709748083 99.36473165388838 99.36473165388827
12 1914.4271631982474 1111.2289156626507 102.67688937568482 102.67688937568482
6 1334.799561883899 998.6155531215772 202.04162102957275 202.04162102957298
5 1755.443592552026 1005.2398685651698 202.04162102957275 202.04162102957275
7 1331.4874041621033 1647.798466593648 202.04162102957275 202.04162102957298
8 1695.824753559693 1641.174151150055 202.04162102957275 202.04162102957275
10 1268.556407447974 2343.3515881708654 122.54983570646209 122.54983570646209
9 1687.544359255203 2364.8806133625403 125.8619934282583 125.8619934282583
