0 1456.5298870462616 390.7762414432921 96.390688083545 96.390688083545
13 1468.3513865282057 480.8015067288672 90.93461139957094 90.93461139957083
1 1729.3337212449737 579.9202331543993 85.47853471559665 85.47853471559642
3 915.4689492188156 764.517494295528 83.65984248760526 83.65984248760515
11 2034.8740155475314 718.1408424817469 78.20376580363109 78.20376580363074
4 1093.7007875619743 591.7417326363434 76.38507357563958 76.38507357563947
12 1848.4580621784116 546.2744269365579 80.02245803162236 80.0224580316223
6 1253.7457036252185 998.5224869609805 105.48414922350207 105.48414922350207
5 1730.2430673589693 998.5224869609806 116.39630259145065 116.39630259145076
7 1313.7625471489355 1624.758807131302 174.59445388717563 174.59445388717586
8 1708.4187606230726 1630.2148838152762 192.78137616709023 192.78137616709023
10 1210.097090153425 2286.156473374738 149.13276269529615 149.1327626952966
9 1788.4412186546947 2284.3377811467467 145.49537823931314 145.49537823931314
2 1263.705965040213 598.2764505669747 95.4656939133497 95.46569391334981
