0 1206.7264229792393 313.8542934791487 100.82572565392866 100.82572565392854
13 1238.0003502722134 466.8630724222205 89.43471476032869 89.43471476032875
2 1100.2949535797916 696.6200605313858 124.35172830651186 124.35172830651186
1 1486.7935685865173 564.2381788530711 151.238588480893 151.23858848089287
3 1053.2429482746245 1108.6970973842854 97.46486813213085 97.46486813213096
11 1641.3930145892077 1004.5105142085592 124.35172830651186 124.35172830651175
6 1096.0105917900491 1235.2807682869482 124.35172830651186 124.35172830651163
5 1525.802476892311 1208.2014410824363 147.87773095909483 147.8777309590953
4 1061.29456416215 1415.0354839233305 82.59940258382892 82.59940258382903
12 1684.3813619140776 1294.727658420797 93.37323770345893 93.3732377034587
7 1184.2826688668042 1990.5246636524398 159.83824676341624 159.83824676341646
8 1450.0899867954877 1990.5773819635865 177.84735694061305 177.84735694061305
10 1161.8503586120287 2560.6532849773075 111.3296295695086 111.3296295695086
9 1417.7421222810249 2572.3381192680263 113.151627911687 113.15162791168723
