0 1498.3863785279545 346.0219272006881 143.52210362569463 143.52210362569446
13 1437.3131429425525 517.0269868398135 106.87816227445319 106.87816227445342
2 1232.7178037314561 626.958810893537 112.98548583299362 112.98548583299362
1 1608.3182025816782 718.5686642716398 106.87816227445342 106.8781622744533
3 710.5416394762697 669.7100758033183 112.98548583299362 112.98548583299362
11 1831.235512468395 883.466400352225 94.66351515737279 94.6635151573729
4 817.4198017507229 333.8072800836075 100.77083871591287 100.77083871591287
12 1761.0012915451828 571.9928988666752 76.34154448175241 76.34154448175241
6 1159.4299210289737 1356.78397613909 119.09280939153382 119.09280939153382
5 1507.5473638657647 1365.9449614769005 106.87816227445319 106.87816227445319
7 1183.8592152631345 2046.9115382541322 143.52210362569463 143.5221036256944
8 1383.8740618053257 2045.3847073644972 140.46844184642464 140.4684418464244
10 1196.073862380215 2617.9462909776403 100.77083871591321 100.77083871591321
9 1333.4886424473693 2599.62432030202 88.55619159883281 88.55619159883281
