0 423.863876186178 1247.801753142856 138.62655061448362 138.62655061448368
13 661.73443462694 1252.5276582774407 91.36749926863718 91.36749926863695
2 833.4423211835165 1443.1391653723558 151.22896430670937 151.22896430670949
3 1195.7617148350082 1679.4344221015895 113.42172323003228 113.42172323003228
4 1611.6413666784597 1723.5428700243797 81.9156889994681 81.9156889994681
6 1588.011841005536 1362.7987780844164 166.98198142199226 166.98198142199203
5 1592.737746140121 1131.2294264897673 81.91568899946765 81.91568899946765
7 2359.9096796543663 1485.672311583618 116.57232665308857 116.57232665308857
8 2282.7198957894834 1279.3077873734205 113.4217232300316 113.42172323003206
10 2923.867692381471 1526.630156083352 91.36749926863695 91.36749926863695
9 2742.7079955557256 1263.5547702581384 81.91568899946787 81.91568899946787
