0 838.0870755750275 65.43044906900326 61.581599123767774 61.58159912376775
2 658.1533406352683 222.2710843373494 82.75027382256292 82.750273822563
1 1002.625410733845 226.1199342825849 98.14567360350486 98.14567360350489
3 611.9671412924425 474.3707557502738 63.506024096385545 63.506024096385545
11 1024.7562979189488 479.18181818181813 57.73274917853246 57.732749178532345
4 558.0832420591457 664.8888280394305 48.1106243154436 48.1106243154436
0 1027.6429353778751 699.5284775465498 51.959474260679144 51.959474260679144
6 668.7376779846659 496.50164293537784 103.91894852135817 103.91894852135812
5 948.7415115005476 512.8592552026287 113.5410733844468 113.5410733844468
7 659.115553121577 950.6659364731652 103.91894852135795 103.91894852135806
8 830.3893756845564 967.9857612267249 111.61664841182903 111.61664841182903
10 599.4583789704271 1337.4753559693318 65.43044906900309 65.43044906900309
9 724.5460021905806 1345.1730558598028 73.12814895947429 73.1281489594744
13 833.5767045454545 127.78181818181821 53.90795454545457 53.90795454545459
