0 1586.045053868756 159.9373163565132 154.01371204701286 154.0137120470127
13 1541.6180215475024 290.25661116552396 106.62487757100871 106.62487757100865
2 1328.368266405485 281.3712047012732 165.86092066601373 165.86092066601367
4 1078.0959843290893 226.57786483839374 103.66307541625861 103.66307541625861
12 1757.8295788442706 515.3535749265426 94.77766895200807 94.77766895200784
11 1919.2477962781586 789.3202742409408 145.12830558276232 145.12830558276198
6 1195.0871694417237 817.4573947110676 207.326150832517 207.326150832517
5 1609.739471106758 873.7316356513223 195.4789422135159 195.4789422135159
7 1158.0646425073458 1660.0901077375127 204.36434867776688 204.36434867776688
10 1082.5386875612146 2316.1292850146924 183.63173359451514 183.63173359451503
8 1566.7933398628793 1737.0969637610192 210.28795298726732 210.28795298726732
9 1648.242899118511 2425.7159647404505 171.7845249755144 171.7845249755146
1 1682.303623898139 445.75122428991165 168.82272282076383 168.82272282076377
3 820.6323180379748 328.2668117088607 155.84810126582272 155.8481012658227
