0 2427.0749148694667 1482.9443813847902 212.30874006810427 212.30874006810427
13 2280.710556186152 1478.1191827468783 119.02156640181602 119.02156640181579
2 2078.0522133938707 1384.83200908059 144.755959137344 144.755959137344
1 2246.934165720772 1708.1203178206583 154.40635641316658 154.4063564131668
11 1978.3314415437005 1918.8206583427923 106.15437003405214 106.15437003405214
12 1680.7775255391603 1987.981838819523 83.63677639046523 83.63677639046523
6 1576.2315550510784 1487.7695800227016 183.35754824063588 183.35754824063588
5 1706.511918274688 1724.2043132803633 193.00794551645845 193.00794551645868
7 1003.6413166855846 1706.5119182746876 131.88876276958 131.88876276958013
8 1077.6276958002268 1967.0726447219067 151.18955732122572 151.18955732122572
10 480.9114642451759 1814.2746878547107 90.07037457434734 90.07037457434717
9 551.6810442678774 2090.919409761635 102.93757094211122 102.93757094211128
