0 773.8664359683781 958.0388655619275 121.10810958410934 121.10810958410934
13 910.7881577319955 1057.4036123141786 57.55058746021541 57.55058746021564
1 1123.6280757625836 1046.3262299311557 128.52596053900106 128.52596053900106
2 825.5968629185238 1241.9092133600702 147.15291134175447 147.1529113417546
4 593.6913254242395 1414.2085082855424 108.03631465597164 108.03631465597164
3 751.0890597075088 1579.0570228899132 139.70213102065316 139.70213102065327
12 1182.3029707912578 991.376725063032 100.58553433487009 100.58553433487009
11 1427.24737384747 1048.188925011431 135.97674086010215 135.97674086010215
5 1510.1373049197239 1244.7032559804834 145.29021626147915 145.29021626147937
6 1362.9843935779695 1468.2266656135282 197.44567850918975 197.44567850918975
9 2591.3395196218617 1667.8839620477838 98.80958773202883 98.80958773202906
10 2480.32373976521 1923.864074631339 109.64577881842297 109.64577881842297
8 2016.224699886529 1565.7821351588827 151.94353025133773 151.94353025133773
7 1912.686072435949 1764.7960899839886 161.3257661748014 161.3257661748014
