0 1460.431105047749 237.21691678035472 251.65620736698497 251.656207366985
13 1462.4938608458388 478.5593451568894 148.51841746248306 148.51841746248294
2 1209.3416035395394 734.4591823149691 179.82214350370396 179.82214350370418
1 1853.9153432816906 667.3424667818963 222.87814969473197 222.87814969473186
11 2023.6066617992706 994.0615725844011 162.09319977798714 162.0931997779868
4 1118.1641786644223 1403.093631399165 108.9063686008351 108.90636860083487
12 2002.078658703757 1360.0376252081371 113.97178109389756 113.97178109389733
6 1253.663962853833 1424.6216344946788 172.22402476411116 172.22402476411116
5 1704.4856747363588 1452.48140320652 217.8127372016695 217.8127372016695
7 1305.5844409077195 2122.3822054139814 189.9529684898282 189.9529684898282
8 1726.0136778318724 2188.2325678237885 225.41085594126275 225.41085594126253
10 1227.0705472652571 2636.521573459783 119.03719358695912 119.03719358695889
9 1709.5510872294208 2696.0401702532636 131.70072481961438 131.7007248196146
3 1057.738424565279 1067.1659028490592 157.02778728492467 157.02778728492478
