0 998.6379114642452 1678.4335981838822 170.85130533484698 170.85130533484698
13 988.1786308666748 1471.5385195934564 98.9647481358968 98.9647481358968
2 1200.3657603444879 1324.7687660020833 124.1252773229894 124.12527732298918
1 727.3478116271497 1338.1877149018662 127.48001454793484 127.48001454793484
3 1253.2028716373816 939.8126694395694 92.25527368600547 92.25527368600547
11 634.2538536349077 963.2958300141889 88.9005364610598 88.9005364610598
4 1184.4307585259958 767.043702354868 68.7721131113858 68.77211311138603
12 711.4128098086579 815.68739211658 72.1268503363317 72.1268503363317
6 1094.6915377586993 717.5613282869194 100.64211674836974 100.64211674836986
5 794.4425561260631 724.2708027368108 107.35159119826108 107.35159119826108
7 1011.6617914412943 419.8283995729922 85.54579923611448 85.5457992361143
8 859.0212477062669 428.2152426353564 82.19106201116858 82.19106201116853
10 968.8888918232371 180.803372295614 63.740007273967194 63.74000727396728
9 895.0846728744328 190.86758397045105 63.74000727396742 63.74000727396739
