0 743.9863791146424 253.57321225879684 126.14301929625424 126.14301929625427
13 780.8050930460334 345.42017629774733 86.63271302644466 86.63271302644466
2 628.6425073457397 484.2546523016648 106.62487757100882 106.62487757100888
3 574.2193927522037 831.8961802154752 95.51811949069543 95.51811949069543
11 1226.1860920666013 608.6503428011753 93.29676787463268 93.29676787463268
4 643.0812928501471 985.1694417238001 77.74730656219401 77.74730656219413
12 1405.0048971596475 769.6983349657198 73.30460333006863 73.30460333006852
6 823.0107737512244 834.1175318315383 139.94515181194924 139.94515181194924
5 1161.7668952007834 673.069539666993 133.281096963761 133.281096963761
7 1140.6640548481882 1365.020568070519 135.50244857982375 135.50244857982375
8 1490.5269343780606 1190.6444662095985 128.83839373163573 128.83839373163573
10 1346.1390793339865 1783.7453476983355 119.95298726738497 119.95298726738497
9 1770.417238001959 1581.602350636631 115.51028403525947 115.5102840352597
1 1049.0474032697575 426.2669660224756 111.5567706232282 111.55677062322803
