0 1385.5418181818181 172.42839805825244 194.2690909090909 194.44053398058253
13 1392.8727272727274 385.21237864077665 113.62909090909102 113.72936893203882
2 1139.9563636363637 594.3276699029127 201.5999999999999 201.77791262135918
1 1693.44 575.9842233009708 208.93090909090893 209.11529126213594
3 909.0327272727272 942.8531553398059 135.62181818181807 135.74150485436883
11 1940.8581818181817 908.0006067961165 139.28727272727247 139.4101941747573
4 696.4363636363637 1155.6371359223301 98.96727272727287 99.05461165048564
12 2210.269090909091 1173.9805825242718 113.62909090909125 113.72936893203905
6 1110.6327272727272 1434.4575242718447 172.27636363636384 172.4283980582527
5 1636.6254545454544 1436.2918689320388 190.6036363636365 190.77184466019435
7 1158.2836363636366 2091.1529126213586 157.61454545454558 157.75364077669929
8 1598.138181818182 2105.8276699029125 164.9454545454546 165.09101941747576
10 1086.807272727273 2599.2663834951445 117.29454545454541 117.39805825242729
9 1559.6509090909092 2628.615898058253 131.95636363636368 132.0728155339807
