0 2549.6470588235293 1305.8181818181815 121.28342245989279 121.28342245989302
13 2405.4545454545455 1363.764705882353 97.02673796791441 97.02673796791441
2 2216.7914438502676 1288.2994652406417 91.63636363636351 91.63636363636351
1 2436.4491978609626 1526.8235294117649 137.45454545454595 137.45454545454572
11 2545.6042780748667 1873.155080213904 134.75935828876982 134.75935828877004
4 1555.1229946524063 1340.855614973262 78.16042780748649 78.16042780748649
12 2711.358288770053 1772.0855614973261 88.94117647058829 88.94117647058829
5 1799.0374331550802 1573.9893048128342 161.7112299465241 161.71122994652387
7 1086.1604278074863 1596.8983957219252 137.45454545454538 137.45454545454527
8 1180.4919786096257 1753.2192513368987 153.62566844919775 153.62566844919775
10 495.91443850267376 1680.4491978609626 110.50267379679138 110.50267379679144
9 528.2566844919786 1879.893048128342 121.28342245989302 121.28342245989302
3 1820.7305584933968 1291.5205849853164 71.68542618249785 71.68542618249762
6 1646.6444010792545 1366.9694445592081 101.6612653015336 101.66126530153338
