0 2747.071498530852 1338.7345739471107 248.79138099902048 248.7913809990207
13 2550.111655239961 1334.2918707149856 162.89911851126362 162.8991185112634
2 2354.6327130264444 1153.6219392752205 162.89911851126362 162.8991185112634
1 2437.563173359452 1541.6180215475024 192.51714005876556 192.51714005876556
3 1926.652301665034 1095.8667972575906 136.24289911851133 136.24289911851156
11 1993.2928501469146 1680.8227228207643 174.74632713026404 174.74632713026426
12 1649.7238001958863 1775.6003917727717 127.35749265426034 127.35749265426034
5 1657.1283055827612 1572.7169441723795 177.7081292850146 177.7081292850146
6 1643.8001958863856 1233.5905974534771 174.74632713026426 174.74632713026426
8 1033.6689520078355 1666.0137120470126 192.51714005876602 192.51714005876602
9 453.15572967678736 1766.714985308521 139.20470127326138 139.20470127326143
7 1051.439764936337 1212.8579823702253 192.51714005876613 192.51714005876602
10 531.643486777669 1152.1410381978453 112.54848188050937 112.54848188050937
