0 1204.88559156054 178.03403585226008 122.77209839556258 122.77209839556245
13 1201.8416552366828 323.1283339561065 84.21557162670797 84.21557162670808
2 961.3706856519858 418.5050054369565 106.53777133499216 106.53777133499216
1 1434.1954612910945 453.00295044066837 106.53777133499193 106.53777133499216
3 805.6226104146399 610.7803165605853 111.61099854142049 111.61099854142037
11 1551.3870097595852 682.8201428918662 111.61099854142049 111.61099854142037
4 720.8997160672891 841.6121544530686 96.39131692213573 96.39131692213584
12 1700.5398896285747 877.6320676187089 97.4059623634214 97.4059623634214
6 977.6050127125562 786.821300623644 132.91855280841878 132.91855280841878
5 1380.4192529029565 789.8652369475008 132.91855280841878 132.91855280841878
7 969.9951719029139 1338.2810979623896 168.43114325341628 168.43114325341617
8 1410.8586161415246 1339.8030661243174 169.44578869470183 169.44578869470183
10 919.262899838632 1858.794209341922 140.0210708974182 140.0210708974182
9 1449.9224656310214 1844.5891731639235 137.99178001484734 137.99178001484734
