0 1650.0895012068613 208.02732752983172 166.81953165929667 166.81953165929653
13 1692.7211592975714 360.01845637496854 100.09171899557782 100.09171899557788
2 1516.633875879425 623.2226063263031 100.09171899557782 100.09171899557782
1 2025.433447440279 429.5265945663422 105.65237005088761 105.65237005088784
3 1500.8786978893795 1007.83430431857 72.28846371902841 72.2884637190283
11 2042.906111836604 808.5750742590446 115.0125426029008 115.01254260290068
4 1456.5475241021725 1341.534981499272 75.9904299340592 75.9904299340592
12 2085.00891761088 1152.585804365935 96.52838397029154 96.52838397029132
7 1616.7435655847844 1844.714855386962 162.2498368862348 162.2498368862348
8 1861.1452186159477 1861.1452186159477 178.68020011522094 178.68020011522094
6 1511.9999999999995 1072.4877836246292 117.06633800652389 117.066338006524
5 1847.7955484923973 981.0938881633956 131.44290583188672 131.44290583188638
10 1541.7800333525363 2673.4213007489334 123.22772421739319 123.22772421739319
9 1700.9491771333355 2664.1792214326288 125.28151962101674 125.28151962101674
