0 1536.2623143278047 418.89001436643684 118.0338360232945 118.03383602329444
13 1550.8704623504898 535.1708726270091 95.82945102881331 95.82945102881331
2 1269.8096943940313 615.2235237913226 125.04574707418328 125.04574707418317
1 1829.0096007024108 698.7821304810807 123.87709523236822 123.87709523236845
3 951.3520674994992 788.76832230082 126.21439891599789 126.21439891599789
11 2089.034635506203 879.3388400414666 122.70844339055338 122.70844339055361
4 1046.0128666864975 552.7006502542312 93.49214734518364 93.4921473451837
6 1223.647946642347 1176.7607337833324 114.52788049784999 114.52788049784999
5 1678.2535131083027 1195.4591632523689 116.86518418147966 116.86518418147966
7 1227.153902167791 1855.7474538777283 168.28586522133037 168.2858652213306
8 1668.3199724528765 1861.006387165895 167.11721337951576 167.117213379516
10 1131.3244511389767 2559.2758626502364 114.52788049785022 114.52788049785022
9 1733.1801496735984 2538.24012949757 114.52788049784999 114.52788049784976
12 2029.7123811655329 611.1751113026057 91.87090326815542 91.87090326815553
