0 2233.9064200217636 256.32208922742115 234.25462459194796 234.254624591948
13 2155.8215451577803 429.4668117519042 152.7747551686616 152.7747551686616
1 2391.7736670293802 546.594124047878 196.9096844396081 196.9096844396082
3 1405.5277475516868 582.2415669205659 166.354733405876 166.35473340587595
12 2683.743199129488 736.7138193688793 115.42981501632221 115.4298150163221
5 1974.1893362350393 1157.6931447225256 258.0195865070725 258.019586507073
7 1021.8933623503816 1563.394994559304 241.0446137105548 241.0446137105548
8 1468.335146898805 1765.3971708378679 258.01958650707275 258.01958650707275
10 449.83677910772553 2057.3667029379767 196.90968443960827 196.90968443960833
9 831.7736670293798 2296.7138193688806 200.30467899891164 200.30467899891164
2 1817.0379013333004 496.20467029856485 162.95973884657246 162.95973884657235
11 2753.2959655418585 1016.800870511425 138.88242255797377 138.88242255797388
6 1468.8706115390432 837.9835694543922 237.515752991191 237.515752991191
