0 1680.4736842105262 183.15789473684214 131.26315789473688 131.26315789473688
13 1651.4736842105262 297.63157894736844 97.68421052631561 97.68421052631578
2 1343.157894736842 367.8421052631579 116.0 116.0
1 1883.4736842105267 438.0526315789473 128.21052631578982 128.21052631578954
3 1071.4736842105262 609.0 109.89473684210532 109.8947368421052
11 1952.1578947368407 750.9473684210528 112.94736842105294 112.94736842105272
4 944.7894736842107 866.9473684210526 82.42105263157896 82.42105263157896
12 1888.0526315789475 1044.0 94.63157894736833 94.63157894736833
6 1182.8947368421054 708.2105263157894 155.6842105263156 155.68421052631584
5 1643.8421052631584 818.1052631578955 167.89473684210543 167.89473684210532
7 908.1578947368423 1456.1052631578946 161.78947368421052 161.7894736842104
10 576.9473684210527 2025.4210526315787 128.21052631578948 128.21052631578937
9 1059.2631578947369 2159.7368421052633 134.31578947368416 134.31578947368416
8 1287.8619810006858 1565.5543741671 199.92984141542115 199.92984141542115
