0 1652.7309875141887 353.54370034052215 164.75822928490356 164.7582292849035
2 1377.444754015873 665.8216217667398 148.24395379915472 148.24395379915484
1 1892.9796978248737 769.8136490586844 148.24395379915495 148.24395379915484
3 1251.3267634703238 1019.8370338244229 148.24395379915495 148.24395379915484
11 1946.0820096335278 1103.9156941881229 148.24395379915472 148.24395379915472
4 1296.6849881402156 1335.1320101882966 132.7557795216312 132.7557795216312
12 1929.4875371933247 1421.4232668773568 132.7557795216312 132.7557795216312
5 1870.8537345712707 1331.813115700256 165.94472440203913 165.9447244020389
6 1443.8226437766903 1334.0257120256165 165.9447244020389 165.94472440203913
7 1516.8383225135865 1938.0645088490396 165.9447244020389 165.94472440203913
8 1775.7120925807685 1931.4267198729585 165.94472440203913 165.94472440203913
10 1556.6650563700766 2599.6308101318373 139.39356849771275 139.39356849771275
9 1800.050652159733 2581.930039528952 139.39356849771298 139.39356849771275
13 1650.7004001978971 525.3217551063467 128.3305868709101 128.33058687091005
