0 2401.071509648127 585.83427922815 186.78774120317848 186.78774120317848
13 2328.0544835414303 679.2281498297389 101.88422247446033 101.88422247446067
2 2019.0056753689005 645.266742338252 149.43019296254238 149.4301929625426
1 2462.202043132804 898.2792281498299 193.58002270147517 193.5800227014754
3 1782.9738933030644 877.9023836549372 84.90351872871702 84.90351872871713
11 2728.799091940976 1113.934165720772 122.26106696935267 122.26106696935312
5 1995.232690124858 1490.9057888762766 251.31441543700316 251.3144154370034
7 1185.2531214528944 1692.9761634506244 227.5414301929627 227.5414301929627
8 1533.357548240636 1925.6118047673099 244.52213393870625 244.52213393870602
10 550.1748013620886 2107.3053348467656 166.41089670828603 166.41089670828615
9 1013.7480136208851 2496.163450624291 176.5993189557322 176.59931895573254
6 1539.2839059674502 1239.001808318264 205.59855334538906 205.59855334538884
