0 1460.162842339008 145.71724648408588 137.37971872686876 137.37971872686896
13 1460.162842339008 297.3086602516654 99.48186528497422 99.48186528497405
2 1268.3049592894151 422.8452997779423 142.11695040710583 142.11695040710578
1 1675.7068837897855 418.1080680977054 142.11695040710583 142.11695040710583
3 976.9652109548481 733.1339748334567 99.48186528497388 99.4818652849741
11 2033.3678756476684 671.5499629903773 99.48186528497376 99.48186528497388
12 1867.564766839378 396.7905255366395 80.53293856402684 80.53293856402667
6 1173.560325684678 1090.7949666913396 132.64248704663237 132.64248704663237
5 1578.5936343449298 1102.6380458919318 156.32864544781637 156.3286454478166
7 1090.6587712805328 1799.0111028867505 137.37971872686876 137.37971872686876
8 1410.4219096965207 1877.1754256106587 161.06587712805276 161.065877128053
10 929.5928941524796 2466.960769800148 108.9563286454478 108.95632864544768
9 1284.885270170244 2566.4426350851218 118.4307920059216 118.43079200592138
