0 1414.20760562854 374.13355668591464 110.79045004154568 110.79045004154551
13 1411.5697377704078 524.4920245994406 73.8603000276969 73.86030002769701
2 1145.1450840990724 637.9203424991182 94.96324289275321 94.96324289275344
1 1627.8749021372355 630.006738924722 100.2389786090173 100.2389786090173
3 1001.3812858308763 910.9396658157839 102.87684646714933 102.87684646714945
11 1780.8712379088925 893.7935247379257 89.68750717648959 89.68750717648948
4 953.8996643844998 1148.347773047667 76.49816788582905 76.49816788582893
12 1821.758189709939 1121.9690944663466 71.22243216956508 71.22243216956508
6 1172.8426966094585 881.9231193763314 118.70405361594158 118.70405361594146
5 1629.1938360663007 887.1988550925953 113.42831789967727 113.42831789967715
10 1096.3445287236295 2179.754105577293 118.70405361594135 118.70405361594112
9 1651.6157128604227 2162.607964499435 110.79045004154523 110.79045004154523
7 1180.785945982117 1501.9110034321473 212.73375795704078 212.73375795704123
8 1587.9104477368978 1504.2117263584473 221.26235979857597 221.26235979857643
