0 1357.5391600454025 168.19069239500567 157.893303064699 157.89330306469918
13 1407.3098751418838 300.3405221339387 99.54143019296271 99.54143019296257
2 1189.3484676503972 356.9761634506243 178.4880817253122 178.48808172531216
1 1663.0283768444947 387.86833144154366 164.75822928490356 164.7582292849035
3 887.2917139614076 473.6799091940976 144.1634506242906 144.1634506242906
6 1350.674233825198 1050.3337116912599 192.21793416572064 192.21793416572086
5 1803.759364358682 998.8467650397279 192.21793416572086 192.21793416572075
7 1645.8660612939843 1778.0158910329178 192.21793416572064 192.21793416572086
8 1951.355278093075 1740.258796821794 192.21793416572086 192.21793416572086
10 1913.5981838819516 2464.5085130533507 192.21793416572086 192.21793416572064
9 2171.0329171396133 2409.589103291717 192.21793416572064 192.21793416572064
