9 1387.8127658688863 2268.3828497630784 86.17281201013452 86.17281201013475
10 1116.5642553369858 2234.1095722590476 84.2143390099045 84.2143390099045
8 1535.6774773862767 1660.2769831915607 119.46685301405046 119.46685301405046
7 1275.2005683556424 1699.4464431961674 115.54990701358929 115.54990701358929
12 1899.9534554291176 1098.195232125456 72.46350100852192 72.46350100852214
1 1796.1543864169105 428.3974660466829 92.04823101082548 92.04823101082553
2 1394.6674213696926 557.6566840618848 92.04823101082548 92.04823101082559
13 1568.9715183901922 353.97549203793034 76.38044700898286 76.38044700898286
0 1530.7812948857006 186.52605051823707 105.75754201243763 105.75754201243782
11 1869.5637135922327 836.2530339805824 135.78762135922307 135.78762135922307
6 1334.6929611650487 1006.8155339805826 152.34708737864094 152.34708737864082
5 1655.9466019417478 963.7609223300971 192.0898058252426 192.0898058252426
3 1296.7526987349352 981.138011979154 76.72347196514829 76.7234719651484
