0 869.6199473103566 1992.948607156959 173.97793093677853 173.97793093677865
13 980.0290188663889 1803.9148937352672 117.10053043821608 117.10053043821608
2 1294.5275863290267 1750.3832226777972 170.63220149568633 170.63220149568633
1 747.5008227105022 1634.9555569601268 143.86636596695132 143.86636596695143
3 1665.0671219299538 1945.2719626213996 115.42766571767015 115.42766571767015
11 540.065597362805 1624.918368636851 123.79198932040003 123.79198932039981
12 584.3965124572728 1883.3759679611994 92.007559630027 92.00755963002712
4 1389.8808754001454 2121.759190638997 93.68042435057305 93.68042435057305
6 1530.4015119260052 1231.795159308554 133.82917764367562 133.82917764367562
7 1699.3608487011452 853.7277324651704 113.75480099712445 113.75480099712456
8 1416.6467109288806 823.616167495343 123.79198932039958 123.79198932039981
10 1859.1194295132832 508.2811676724325 78.62464186565944 78.62464186565961
9 1591.461074225932 454.7494966149622 71.93318298347572 71.93318298347572
5 1174.0813264497183 1111.3488994292456 120.44625987930817 120.44625987930795
