0 1258.6199342825853 339.49616648411825 122.54983570646232 122.54983570646226
13 1309.958378970427 470.3263964950712 86.11610076670308 86.11610076670314
2 1132.7579408543265 733.6429353778751 102.6768893756846 102.6768893756846
1 1603.0843373493976 518.3526834611173 122.54983570646232 122.54983570646237
3 1202.3132530120483 1147.6626506024095 109.30120481927702 109.30120481927702
11 1844.8718510405256 876.065717415115 129.1741511500545 129.17415115005474
4 1309.958378970427 1387.7940854326398 86.11610076670308 86.11610076670308
12 1965.76560788609 1112.8849945235488 99.36473165388838 99.36473165388816
6 1341.423877327492 1283.4611171960569 122.54983570646232 122.54983570646232
5 1758.7557502738227 1094.6681270536692 155.6714129244251 155.67141292442477
7 1651.1106243154434 1808.4381161007666 205.3537787513692 205.3537787513692
8 1932.644030668127 1778.6286966046 211.97809419496184 211.97809419496184
10 1891.2420591456735 2565.266155531216 102.67688937568437 102.67688937568437
9 2235.7064622124863 2455.9649507119384 109.30120481927725 109.30120481927725
