0 1423.3015006821279 604.387448840382 119.63983628922256 119.63983628922233
13 1425.364256480218 713.7135061391541 82.51023192360162 82.51023192360162
2 1262.406548431105 810.6630286493862 103.13778990450191 103.13778990450203
1 1623.3888130968623 808.600272851296 115.51432469304245 115.51432469304234
11 1755.405184174625 1097.3860845839017 107.26330150068225 107.26330150068225
4 1111.8253751705317 1262.4065484311052 82.51023192360162 82.51023192360162
12 1763.6562073669847 1258.281036834925 90.76125511596206 90.76125511596183
6 1324.2892223738063 1070.5702592087312 169.14597544338312 169.14597544338324
5 1615.137789904502 1052.005457025921 165.02046384720325 165.02046384720336
7 1309.8499317871763 1563.568894952251 222.77762619372425 222.77762619372447
8 1652.267394270123 1563.5688949522505 165.02046384720325 165.02046384720302
10 1247.9672578444747 2120.512960436562 140.26739427012308 140.26739427012308
9 1759.5306957708049 2095.759890859482 132.01637107776287 132.01637107776264
3 1108.2676335754554 1056.6912251055576 95.56057719581918 95.56057719581929
