0 1640.7173666288309 303.77298524404085 133.8660612939841 133.8660612939841
13 1640.58496520727 434.4956438651435 75.94124360462683 75.94124360462695
2 1434.07807470346 513.1014925085295 107.91650406973326 107.91650406973304
1 1829.7719229591478 534.4183328186001 105.25189903097453 105.25189903097424
3 1156.9591506725405 434.4956438651437 81.27045368214476 81.27045368214465
11 2073.583284005582 526.4245177023238 81.27045368214476 81.27045368214499
4 1414.0935369127687 270.6224339814748 75.94124360462706 75.94124360462698
12 1865.0779397227022 304.59614822565004 77.27354612400632 77.27354612400643
6 1457.8036770613805 1172.0618577645796 135.8948569767008 135.89485697670102
5 1843.094948152941 1171.3957065048903 126.56873934104465 126.56873934104465
7 1483.1427693578485 1864.9352011266558 156.887469584399 156.8874695843988
8 1894.3885951490493 1814.0949026825328 157.21169728677137 157.21169728677137
10 1525.3407972809496 2514.886027876109 114.57801666663022 114.57801666662999
9 2067.587922668374 2492.236885046659 117.24262170538896 117.24262170538941
