0 1577.0388349514565 297.2330097087378 170.38834951456306 170.38834951456306
13 1573.2524271844661 388.1067961165048 102.23300970873788 102.23300970873788
2 1347.9611650485438 537.6699029126214 181.7475728155341 181.747572815534
1 1862.9126213592242 526.3106796116505 196.89320388349506 196.89320388349512
3 933.3495145631068 740.2427184466019 117.37864077669894 117.37864077669894
11 2251.019417475728 744.0291262135922 102.23300970873788 102.233009708738
4 1103.73786407767 539.5631067961165 79.514563106796 79.51456310679612
12 2101.4563106796113 552.8155339805826 83.30097087378635 83.30097087378641
6 1322.93582683214 1076.231646900947 249.20696323792936 249.20696323792924
5 1815.4162541832857 1070.2981477762346 243.27346411321673 243.27346411321673
7 1273.9844590532607 1801.6019148970624 234.37321542614745 234.37321542614745
8 1787.2321333409009 1798.6351653347065 234.37321542614768 234.37321542614768
10 1165.6981000272558 2476.5374403331207 154.27097724252758 154.2709772425278
9 1698.2296464702122 2510.655060300219 151.30422768017138 151.30422768017115
