0 1557.2278308321966 693.9154160982264 146.94679399727124 146.94679399727158
13 1596.0054570259208 859.230559345157 85.71896316507514 85.71896316507502
1 1785.8117326057293 885.762619372442 146.94679399727147 146.94679399727147
11 1963.3724420190995 1091.8963165075036 126.5375170532061 126.5375170532061
3 1300.0709413369714 1334.7667121418826 97.96452933151431 97.96452933151431
12 1885.8171896316508 1430.6903137789905 102.0463847203273 102.04638472032707
6 1381.7080491132333 1338.8485675306956 155.1105047748979 155.11050477489766
5 1700.0927694406546 1318.4392905866302 220.4201909959072 220.4201909959072
7 1365.380627557981 2028.6821282401093 146.94679399727147 146.94679399727124
8 1589.8826739427013 2012.3547066848569 195.9290586630284 195.92905866302885
10 1206.18826739427 2608.3055934515687 138.78308321964528 138.7830832196455
9 1326.6030013642564 2602.1828103683492 142.8649386084585 142.86493860845894
2 1444.7430303292717 1019.6518951933667 79.27744642405946 79.27744642405935
