0 935.8741382074716 91.67340067340066 105.28138528138527 105.28138528138527
13 915.4027577360912 186.23168189834854 52.64069264069269 52.640692640692635
2 770.1534391534392 294.4375501042166 70.1875901875901 70.18759018759016
1 1064.5513868847204 224.24995991662655 81.88552188552205 81.88552188552185
11 1236.1210517877184 497.2016995350328 74.0869007535673 74.08690075356742
12 1270.2400192400191 375.3482443482443 64.33862433862419 64.33862433862436
4 1251.7182940516273 282.739618406285 62.3889690556357 62.38896905563567
7 777.9520602853936 1009.9610389610392 148.17380150713495 148.17380150713484
8 1046.0296616963283 981.6910373577041 154.02276735610076 154.02276735610076
10 758.4555074555074 1399.8920955587623 101.38207471540795 101.38207471540795
9 946.5972422639088 1381.370370370371 118.92897226230559 118.92897226230548
6 729.210678210678 534.2451499118164 116.97931697931699 116.97931697931699
5 1034.3317299983964 476.73031906365236 118.92897226230548 118.92897226230565
