0 2998.4727272727273 1268.509090909091 263.1272727272726 263.1272727272724
13 2868.8727272727274 1378.4727272727273 129.5999999999999 129.5999999999999
1 2931.7090909090916 1641.6 168.8727272727274 168.87272727272716
3 2130.545454545455 1437.381818181818 129.5999999999999 129.5999999999999
11 2829.6000000000004 1947.9272727272726 137.4545454545455 137.4545454545455
4 1749.6 1425.6 90.32727272727266 90.32727272727266
12 2809.9636363636364 2262.109090909091 113.89090909090919 113.89090909090919
5 2175.709090909091 1796.727272727273 196.3636363636365 196.36363636363603
7 1235.1272727272726 1963.6363636363635 129.5999999999999 129.60000000000014
8 1386.3272727272727 2158.0363636363636 149.23636363636388 149.23636363636388
10 575.3454545454546 2273.890909090909 137.45454545454555 137.4545454545455
6 1918.8349514563097 1553.9417475728153 146.79611650485413 146.79611650485413
9 585.0873786407765 2426.3300970873775 138.40776699029095 138.40776699029084
2 2489.2567418920544 1370.3865427727364 146.0008398181153 146.000839818116
