0 1402.6739427012276 208.33833560709414 177.39699863574356 177.3969986357435
13 1384.1091405184175 400.1746248294679 99.01227830832181 99.01227830832198
2 1153.080491132333 519.8144611186904 148.51841746248306 148.51841746248294
1 1594.5102319236016 519.8144611186904 165.02046384720325 165.0204638472033
3 919.9890859481582 810.6630286493862 193.89904502046386 193.89904502046386
4 957.1186903137789 579.6343792633015 127.89085948158242 127.89085948158254
6 1204.649386084584 1004.56207366985 169.14597544338335 169.14597544338346
5 1538.8158253751703 1004.56207366985 169.14597544338335 169.14597544338346
7 1239.7162346521145 1798.7230559345162 214.5266030013645 214.5266030013645
8 1565.6316507503411 1790.4720327421555 231.02864938608423 231.02864938608445
10 1208.7748976807638 2460.867667121419 119.63983628922256 119.63983628922233
9 1617.200545702592 2448.491132332879 136.14188267394275 136.14188267394275
11 1865.0581203882057 888.5243044427641 151.65722547330984 151.65722547331006
12 1826.503874245025 581.3435909333309 101.46723574816406 101.46723574816394
