0 1469.391304347826 217.30434782608694 174.43478260869574 174.4347826086956
2 1179.652173913044 515.9130434782609 168.52173913043475 168.52173913043475
1 1621.6521739130437 337.0434782608696 159.6521739130435 159.6521739130435
3 1056.9565217391305 946.086956521739 141.91304347826076 141.91304347826087
11 1994.1739130434783 523.3043478260869 147.82608695652152 147.82608695652158
5 1530.0000000000005 940.1739130434785 177.391304347826 177.391304347826
7 1185.5652173913045 1713.304347826087 192.17391304347825 192.17391304347825
8 1558.086956521739 1698.5217391304348 192.17391304347825 192.17391304347802
10 1085.0434782608695 2411.04347826087 192.17391304347836 192.17391304347848
9 1436.8695652173915 2325.304347826087 203.99999999999977 204.00000000000045
13 1444.2608695652175 331.1304347826087 118.26086956521749 118.26086956521738
12 1914.77631706688 289.3106394548584 79.1548504436521 79.15485044365244
6 1176.8062961603014 1026.138017748307 135.5929665802446 135.5929665802447
