0 1067.7559912854024 285.5773420479303 184.48801742919386 184.48801742919392
13 1062.7015250544662 422.04793028322445 98.5620915032681 98.56209150326794
2 744.270152505446 520.6100217864923 133.9433551198257 133.94335511982575
1 1312.8976034858406 505.4466230936822 133.9433551198258 133.94335511982587
3 585.0544662309374 737.9520697167751 144.05228758169926 144.05228758169937
11 1445.5773420479309 708.8888888888882 156.6884531590415 156.6884531590414
12 1421.5686274509806 836.5141612200432 108.67102396514156 108.67102396514167
6 769.5424836601312 715.2069716775593 159.21568627450995 159.21568627450984
5 1291.416122004357 678.562091503268 146.57952069716794 146.57952069716794
7 841.5686274509803 1105.6644880174294 192.06971677559898 192.06971677559898
8 1278.7799564270163 1093.028322440087 202.17864923747288 202.17864923747277
10 794.8148148148151 1480.9586056644873 184.48801742919386 184.48801742919386
9 1386.1873638344232 1435.4684095860569 174.3790849673203 174.37908496732007
4 682.7669902912621 843.2524271844661 76.01941747572812 76.01941747572812
