0 1334.4549795361531 240.08185538881304 184.06275579808994 184.0627557980899
13 1342.4577080491133 432.14733969986344 104.03547066848569 104.03547066848563
2 1122.382673942701 616.2100954979535 200.06821282401108 200.06821282401097
1 1538.5245566166436 576.1964529331514 184.06275579808994 184.06275579808994
3 804.2742155525239 850.2899045020462 164.05593451568882 164.05593451568893
11 1852.6316507503411 826.2817189631651 156.05320600272853 156.05320600272842
4 868.2960436562073 594.2025920873124 124.04229195088669 124.04229195088669
12 1778.606412005457 568.193724420191 120.04092769440672 120.04092769440649
6 1212.4133697135062 1150.3922237380627 252.0859481582538 252.0859481582538
5 1526.5204638472037 1160.3956343792631 200.0682128240112 200.06821282401097
7 1196.4079126875854 1918.6541609822646 180.06139154160996 180.06139154160974
8 1642.5600272851298 1944.663028649386 232.0791268758528 232.0791268758528
10 1184.4038199181446 2610.8901773533426 100.03410641200526 100.03410641200526
9 1734.5914051841746 2564.8744884038197 112.03819918144586 112.03819918144609
