0 953.5616518288917 175.08784272575673 57.195104838884845 57.195104838884816
13 950.880631289569 247.47539728747034 48.25836970780915 48.25836970780907
2 815.935930810325 332.37438103269 67.91918699617577 67.91918699617577
1 1092.0810463605662 327.9060134671522 66.13183996996054 66.1318399699606
3 710.482456263631 596.9017409125324 71.493881048606 71.49388104860611
11 1185.0230917237536 604.9448025305005 80.43061617968146 80.43061617968169
4 705.1204151849856 845.3429775564384 57.195104838884845 57.195104838884845
12 1171.61798902714 811.3833840583508 57.195104838884845 57.195104838884845
6 780.1889902860221 670.1829689873538 67.91918699617588 67.91918699617577
5 1079.5696171770596 676.4386835791067 76.85592212725146 76.85592212725157
7 818.6169513496477 1209.0680973912213 116.1775567039848 116.17755670398469
8 1007.182062615346 1215.3238119829748 121.5395977826305 121.53959778263038
10 801.6371546006037 1756.889960926166 82.21796320589704 82.21796320589692
9 955.3489988551069 1772.9760841621019 78.64326915346669 78.64326915346669
