0 1014.9931439764937 310.16650342801177 89.84133202742407 89.84133202742407
13 1013.9236043095004 388.2428991185113 49.19882468168464 49.19882468168464
3 848.1449559255633 772.20763956905 85.56317335945141 85.56317335945141
4 870.6052889324192 937.9862879529873 66.31145935357495 66.31145935357495
1 1154.0333006856026 487.71008814887364 98.39764936336928 98.39764936336928
12 1287.7257590597455 863.1185112634672 70.5896180215475 70.5896180215475
6 946.5426052889325 825.6846229187072 89.84133202742407 89.84133202742407
5 1177.5631733594514 787.1811949069539 98.39764936336928 98.39764936336928
7 1057.7747306562196 1302.6993143976497 111.23212536728693 111.23212536728693
10 1131.5729676787464 1646.0215475024486 96.25857002938278 96.25857002938301
8 1210.718903036239 1299.49069539667 104.8148873653281 104.8148873653281
9 1254.570029382958 1647.0910871694418 85.56317335945141 85.56317335945164
2 880.7222396702783 542.0849776956527 110.7141540332425 110.71415403324255
11 1253.500489715965 732.6346718903036 74.86777668952027 74.86777668952027
