0 1764.8888888888887 130.37037037037032 166.2222222222224 166.22222222222223
13 1742.074074074074 237.92592592592592 88.0 88.0
2 1528.5925925925928 402.51851851851853 149.9259259259261 149.92592592592598
1 1968.5925925925949 294.96296296296293 149.92592592592587 149.92592592592592
3 1390.0740740740753 805.0370370370371 133.62962962962956 133.62962962962956
11 2116.888888888891 635.5555555555561 140.14814814814804 140.14814814814815
12 2090.814814814815 945.1851851851857 107.55555555555566 107.55555555555554
7 1347.7037037037046 1642.666666666667 192.29629629629653 192.29629629629653
8 1678.5185185185196 1657.3333333333362 195.55555555555566 195.55555555555543
10 1117.9259259259254 2312.4444444444443 162.96296296296305 162.96296296296305
9 1479.7037037037042 2364.5925925925926 175.99999999999955 176.0
5 1828.6663039141017 855.8348750317402 163.34922189574468 163.3492218957448
6 1478.417238001959 868.8814887365329 167.03623898139062 167.03623898139085
4 1371.4554358472087 1131.1576885406464 70.33104799216449 70.33104799216471
