0 939.5674473467625 1872.583053972014 186.95360740735498 186.9536074073551
13 925.7757877839247 1607.4767090419127 119.52771621125964 119.52771621125953
2 1324.9677117971705 1447.3402174511868 133.31937577409735 133.31937577409735
3 1315.0070687795655 1225.9074611367378 110.33327650270121 110.33327650270121
11 552.634776278261 1263.4514232800175 111.86568312079453 111.86568312079453
4 1337.9931680509617 1091.055678744547 88.87958384939839 88.87958384939839
12 548.0375564239819 1130.1320475059206 90.41199046749136 90.41199046749148
6 1154.1043738797928 960.8011162066357 128.7221559198183 128.7221559198182
5 693.6161851428241 960.0349128975893 130.2545625379114 130.25456253791128
7 1111.9631918822329 675.0072819322776 117.99530959316667 117.99530959316667
8 757.2110597936864 671.1762653870449 122.59252944744594 122.59252944744594
10 1102.0025488646284 498.01431754252746 85.81477061321198 85.81477061321215
9 758.7434664117798 516.4031969596442 91.94439708558446 91.94439708558434
1 575.7940723259196 1566.1329938658641 208.56425247539175 208.56425247539187
