0 179.80284775465506 1529.2705366922235 128.7009857612269 128.700985761227
13 312.28915662650604 1548.197152245345 68.13581599123768 68.13581599123768
2 310.39649507119384 1705.288061336254 185.48083242059144 185.48083242059147
1 497.7699890470976 1423.2814895947429 174.12486308871854 174.12486308871848
3 353.92771084337335 2305.261774370208 151.4129244249723 151.41292442497252
4 238.4753559693319 2042.181818181818 87.0624315443593 87.06243154435924
6 876.3023001095289 1737.4633077765607 196.83680175246434 196.83680175246445
5 1071.246440306681 1402.4622124863088 200.62212486308886 200.62212486308863
7 1707.1807228915663 1992.9726177437021 215.76341730558647 215.76341730558624
8 1932.4074479737133 1355.145673603505 249.83132530120474 249.83132530120474
10 2973.371303395399 2146.278203723987 204.40744797371326 204.40744797371303
9 2738.681270536691 908.4775465498358 174.12486308871848 174.12486308871848
11 916.0667301026742 1205.4252075526754 105.80738124790162 105.8073812479015
