5 1712.3855421686742 965.4939759036138 195.4173055859801 195.41730558598022
6 1187.408543263965 953.9014238773274 205.35377875136896 205.35377875136896
9 1723.9780941949618 2345.007667031763 105.98904709748058 105.98904709748103
10 1154.2869660460024 2335.0711938663744 112.61336254107368 112.61336254107346
8 1642.8302300109526 1730.6024096385543 135.7984665936474 135.7984665936474
7 1227.1544359255204 1699.1369112814896 158.98357064622132 158.9835706462211
12 2030.352683461117 445.4852135815991 82.80394304490687 82.80394304490699
4 1018.488499452355 433.8926615553122 86.11610076670331 86.11610076670325
11 2128.061336254107 705.4895947426068 119.23767798466588 119.23767798466588
3 886.002190580504 672.3680175246441 125.8619934282583 125.86199342825842
1 1793.5334063526834 437.2048192771084 145.73493975903625 145.73493975903614
2 1215.5618838992332 382.55421686746985 135.79846659364716 135.79846659364728
13 1512.0 268.28477546549834 86.11610076670331 86.11610076670314
0 1530.2168674698794 170.57612267250823 82.80394304490665 82.8039430449069
