0 2803.5141884222467 1575.809307604994 237.7298524404082 237.72985244040842
13 2671.0646992054485 1585.9977298524404 101.88422247446033 101.88422247446056
1 2642.1975028376846 1757.5028376844498 173.2031782065833 173.2031782065833
3 2012.2133938706015 1395.8138479001136 115.46878547105553 115.46878547105553
11 2328.0544835414303 1986.7423382519864 169.8070374574345 169.80703745743472
12 1968.0635641316685 2013.911464245176 101.88422247446101 101.88422247446101
6 1811.8410896708306 1450.1520998864926 156.2224744608402 156.22247446083998
5 1968.0635641316687 1732.031782065833 190.18388195232683 190.18388195232683
7 1212.422247446084 1628.4494892167997 193.58002270147585 193.58002270147563
8 1203.9318955732122 1854.2928490351878 196.97616345062443 196.97616345062443
10 551.872871736663 1606.3745743473328 115.46878547105564 115.46878547105575
9 531.4960272417707 1850.8967082860386 135.84562996594775 135.84562996594786
2 2443.3324968312036 1429.943615150175 96.32884096790758 96.32884096790781
