0 1802.024571339773 348.953836689613 108.2629685517054 108.26296855170546
13 1747.8930870639206 473.94835492658206 70.86303396111634 70.86303396111629
2 1513.6513914702302 501.506201467016 94.4840452814883 94.4840452814883
1 1905.366495866401 592.0534115284424 106.29455094167452 106.29455094167452
3 1164.2572656897264 780.0372932864038 76.76828679120922 76.76828679120933
12 2135.671356240029 718.0321385704269 59.052528300930135 59.05252830093025
7 854.2314921098425 1588.0727222041326 133.8523974821086 133.8523974821087
8 1301.0622895868814 1704.2093611959626 145.66290314229445 145.66290314229468
10 421.1796179030208 2090.0192127620394 110.2313861617364 110.23138616173628
6 1217.9104091726272 1027.662153014692 125.09545137371015 125.09545137371003
5 1562.181624654571 1102.3335618400179 128.99558363495703 128.99558363495657
9 871.0731506715513 2317.4081496794356 131.92068283089225 131.92068283089247
11 2256.7198635172326 918.7923833141822 82.71024258011721 82.71024258011732
