0 1593.621029572837 876.302300109529 87.06243154435924 87.06243154435924
13 1586.0503833515882 993.6473165388829 71.92113910186208 71.9211391018622
1 1898.3395399780943 1139.3822562979187 143.84227820372416 143.84227820372416
11 2040.289156626506 1334.326396495071 124.91566265060237 124.91566265060237
4 919.8335158817088 1455.4567360350493 109.77437020810521 109.77437020810498
3 1124.2409638554218 1300.2584884994521 109.77437020810498 109.77437020810498
2 1321.0777656078858 1107.2070098576128 109.77437020810498 109.77437020810498
6 1247.2639649507123 1377.8576122672505 174.12486308871848 174.12486308871848
5 1843.4523548740408 1372.1796276013142 170.33953997809408 170.33953997809408
7 1268.0832420591455 1845.345016429353 162.76889375684505 162.76889375684527
8 1722.3220153340635 1833.9890470974806 162.7688937568455 162.76889375684573
10 1277.5465498357066 2286.335158817086 151.41292442497274 151.41292442497252
9 1629.581599123768 2267.408543263965 151.41292442497252 151.41292442497297
12 2242.2177309323233 1503.9463023921041 105.98904709748058 105.98904709748058
