0 1623.3888130968623 148.51841746248294 165.02046384720325 165.02046384720325
13 1565.6316507503407 243.40518417462482 107.26330150068179 107.2633015006821
2 1334.6030013642564 338.2919508867667 173.27148703956345 173.27148703956337
1 1755.405184174624 292.9113233287859 140.26739427012285 140.26739427012288
11 2042.1282401091407 418.73942701227804 127.89085948158231 127.89085948158225
6 1200.5238744884036 905.5497953615279 218.65211459754437 218.65211459754448
5 1584.1964529331512 959.181446111869 226.90313778990412 226.90313778990446
7 1006.62482946794 1685.271487039564 185.64802182810377 185.64802182810354
8 1355.230559345157 1757.4679399727147 222.7776261937247 222.77762619372425
9 992.1855388813099 2384.5457025920878 156.76944065484304 156.76944065484258
3 1121.3008662876045 446.3286554426644 111.38881309686235 111.38881309686218
10 838.9937392021798 2315.0237179431087 156.96305215678365 156.9630521567833
