0 1350.5442415044188 356.97034307007425 151.52001951123748 151.52001951123748
13 1357.996045742676 471.2313413900238 86.93771611300485 86.93771611300508
2 1100.90879952279 599.1539808134456 99.3573898434347 99.35738984343448
1 1646.1324762886359 620.2674261551756 86.93771611300508 86.9377161130052
3 976.7120622184968 874.8707376289765 99.35738984343436 99.35738984343436
11 1752.50241293451 905.4806645192308 89.42165085909119 89.42165085909096
4 1000.9076581060604 1147.1742164770233 95.82981410511366 95.82981410511366
12 1732.2404499608742 1157.2615653301928 102.55471334056051 102.55471334056051
6 1137.0868676238538 928.6149913250096 146.2665583709629 146.2665583709629
5 1611.1922637228363 931.977440942733 129.45431028234657 129.45431028234646
7 1223.6699452802277 1536.377759728493 164.76003126844103 164.76003126844103
8 1555.711845030402 1533.8559225152007 169.80370569502566 169.80370569502588
10 1228.7136197068126 2055.8762256667405 137.86043432665497 137.86043432665474
9 1533.8559225152007 2065.122962115479 146.2665583709629 146.2665583709629
