0 1620.2621359223303 350.47572815533977 161.47572815533954 161.47572815533982
13 1586.6284156903566 483.1968270280905 96.62666376491893 96.62666376491893
2 1325.0161574513859 585.254944308235 102.17696314131922 102.17696314131922
1 1750.0723241192736 660.8658970328113 102.17696314131922 102.1769631413191
3 1151.3153201111431 944.9178545656782 110.35112019262465 110.35112019262476
11 1876.7717584145087 1008.2675717132961 102.17696314131899 102.17696314131899
4 1241.2310476755038 1194.2296446304972 110.35112019262465 110.35112019262465
12 1843.0533605778737 1285.1671418262706 83.78510977588166 83.78510977588166
5 1752.1158633820994 1108.4009955917895 130.78651282088867 130.78651282088845
7 1441.4978954324897 1833.857433895155 167.57021955176356 167.57021955176333
8 1818.530889423957 1843.0533605778733 169.61375881458957 169.61375881458957
10 1484.4122199518442 2369.2647207556674 130.78651282088867 130.78651282088822
9 1903.3377688312517 2357.003485178709 126.69943429523596 126.69943429523573
6 1406.5584954240044 1153.1425555473788 165.03145090573548 165.03145090573548
