0 1120.9288061336254 1729.1566265060235 125.75684556407441 125.75684556407441
13 1126.9748083242062 1638.4665936473166 70.13362541073411 70.13362541073411
2 1418.3921139101876 1613.0733844468784 106.4096385542166 106.4096385542166
3 1413.5553121577213 1320.446878422782 67.71522453450189 67.71522453450166
11 873.0427163198246 1246.6856516977 70.13362541073377 70.13362541073366
4 1407.5093099671408 1162.0416210295725 60.46002190580498 60.46002190580498
12 871.8335158817088 1078.6067907995618 62.87842278203709 62.87842278203698
6 1324.0744797371299 1097.95399780942 91.8992332968237 91.8992332968237
5 993.9627601314346 1079.8159912376784 94.31763417305581 94.31763417305592
7 1304.7272727272725 822.2562979189483 77.38882803943034 77.38882803943045
8 1083.4435925520265 811.3734939759033 79.80722891566256 79.80722891566256
10 1304.727272727273 604.6002190580502 62.878422782037205 62.878422782037205
9 1145.1128148959474 587.6714129244251 62.878422782037205 62.878422782037205
1 883.4576474136894 1534.620022638534 146.8986229845907 146.8986229845907
