0 1629.629629629629 112.44444444444444 189.03703703703695 189.03703703703704
13 1624.7407407407427 218.37037037037032 114.07407407407413 114.0740740740741
2 1386.8148148148157 316.14814814814815 153.18518518518522 153.1851851851852
1 1875.7037037037048 329.18518518518516 166.2222222222224 166.2222222222222
3 1147.2592592592591 734.962962962963 162.96296296296282 162.96296296296305
11 1988.1481481481485 721.9259259259261 169.4814814814813 169.4814814814814
4 1194.5185185185182 1003.8518518518513 127.11111111111109 127.11111111111097
12 1968.592592592594 1044.5925925925922 123.85185185185196 123.85185185185196
5 1870.8148148148157 904.4444444444442 169.48148148148152 169.48148148148152
7 1293.925925925926 1588.8888888888896 208.5925925925926 208.59259259259238
8 1698.0740740740757 1660.5925925925924 215.1111111111113 215.1111111111113
10 1153.7777777777783 2286.3703703703695 162.96296296296327 162.96296296296305
9 1642.6666666666665 2364.5925925925912 162.96296296296282 162.96296296296305
6 1346.858507755211 853.1178052592095 193.9001792024692 193.90017920246908
