0 1311.2009080590237 125.28490351872875 140.73098751418843 140.73098751418848
13 1294.9564544281195 243.1575352091861 94.01036269430051 94.01036269430054
2 1065.8476704641685 415.0500888523376 125.61275514914473 125.61275514914468
1 1513.0290787951226 422.5868541612861 145.71079597300763 145.71079597300763
3 936.4665326605493 858.4631145288174 113.05147963423019 113.05147963423008
11 1691.399191106908 867.2560073892578 115.56373473721305 115.56373473721305
4 902.5510887702803 1226.508487115811 95.46569391334992 95.46569391334992
12 1717.7778696882283 1225.2523595643195 103.00245922229851 103.00245922229851
6 1098.506986802946 1113.4570074815808 145.71079597300763 145.7107959730074
5 1482.882017559328 1115.9692625845641 155.7598163849393 155.7598163849393
7 1044.4935020888138 1896.0244720607516 138.17403066405893 138.17403066405882
8 1474.0891246988876 1903.5612373697004 143.19854087002454 143.19854087002454
10 967.8697214478354 2580.6139876235884 100.49020411931554 100.49020411931588
9 1459.0155940809905 2591.9191355870116 108.02696942826447 108.02696942826424
