0 1238.3147694022423 296.85773715673133 189.4990858149572 189.49908581495714
13 1235.6076396048857 432.2142270245579 129.9422302731134 129.94223027311347
2 962.1875300718762 551.327938108245 129.9422302731133 129.94223027311335
3 814.6489561159453 893.779857473846 148.89213885460924 148.89213885460924
11 1594.3023377546256 896.4869872712025 154.30639844932216 154.30639844932205
4 920.22701821285 1207.8069139672034 143.4778792598962 143.4778792598961
12 1656.5663230938258 1215.928303359273 138.06361966518307 138.06361966518307
10 1166.5758297722941 2371.872726830511 219.27751358587875 219.27751358587875
9 1756.7301255960178 2379.9941162225805 197.6204752070264 197.62047520702663
1 1434.6432105560257 547.4736139103288 148.8921388546089 148.89213885460913
6 1079.9271659750734 972.9268772133534 170.54917723346148 170.54917723346148
5 1523.1933985999399 923.5371411229556 148.89213885460936 148.89213885460913
7 1166.4941186211754 1671.173463514851 199.0060732084246 199.0060732084246
8 1564.5062650380244 1669.3135936717808 184.12711446386948 184.1271144638697
