0 2701.348467650397 1542.8921679909195 147.59591373439252 147.59591373439275
13 2577.826998061257 1556.6466004966426 101.33490661182441 101.33490661182486
1 2404.8161818947274 1321.8462071277813 111.22123896419771 111.22123896419771
1 2439.4183451280333 1759.3164137202912 150.7665683736891 150.76656837368932
3 2240.4559065365247 1263.764004557589 93.92015734754432 93.92015734754455
4 2579.062789605304 1382.3999927860664 69.20432646661129 69.20432646661152
12 2633.4376175433563 2027.4831787784115 98.86332352373165 98.8633235237312
6 1752.3182466381027 1356.4483703610872 130.9939036689434 130.9939036689434
5 1798.0425337678284 1671.5752140929799 173.01081616652937 173.01081616652937
7 997.2496132256072 1575.183473657342 133.46548675703696 133.46548675703684
8 1018.2580694743999 1826.0491570988097 150.76656837369 150.76656837369023
10 469.5666239176925 1653.0383409322803 101.33490661182418 101.33490661182418
9 422.6065452439202 1887.8387343011414 96.39174043563787 96.39174043563753
11 2221.690261486921 2101.1909211444026 130.99390366894295 130.9939036689434
