0 2503.062429057889 356.7309875141884 182.32917139614028 182.32917139614074
2 2064.0811109636243 535.6748556574657 180.3957471740464 180.39574717404645
1 2666.982687045306 705.626638521436 201.28367579419955 201.2836757941991
3 1752.6610842631653 890.7696422000624 119.63086391542038 119.63086391542004
11 2579.633167361031 1132.879723933651 186.09245497954225 186.09245497954248
12 2364.1077220530915 1473.7327409625073 134.82208473007677 134.82208473007677
6 1693.7951036063705 1031.2884347356353 214.5759940070236 214.5759940070235
5 2256.8197250495796 1168.9588733684602 262.04855905282466 262.0485590528251
7 1359.5046206391976 1818.4253757173954 288.7168205232058 288.71682052320557
8 1700.2461376084102 2019.806614063783 310.1064994117462 310.10649941174665
10 795.6141950260153 2580.491364651084 186.04894166321594 186.04894166321583
9 1143.3826013657194 2756.522286378588 188.91123307341945 188.91123307341968
13 2454.6589942115843 461.3817498024009 114.50229373402044 114.5022937340205
