0 1471.8902771329977 525.6980538927224 119.05173177751544 119.05173177751516
13 1478.654580074902 644.7497856702375 94.7002411866597 94.70024118665981
2 1212.8174744580638 791.5351595095601 125.81603471941935 125.81603471941946
3 1055.8856462058852 1029.6386230645903 123.11031354265742 123.11031354265765
11 1933.2157377708688 993.787817472498 127.16889530780008 127.16889530780031
4 1068.0613915013128 1294.7992983872377 87.93593824475533 87.93593824475533
12 1942.6857618895342 1268.418516913811 91.994520009898 91.994520009898
6 1285.8719462306299 1105.398816013919 147.46180413351317 147.46180413351294
5 1713.37589215898 1099.987373660395 158.28468884055974 158.28468884055974
7 1348.6824064880834 1666.862406714013 206.75612074549736 206.7561207454969
8 1716.7580436299318 1663.4538087210194 200.22336708036642 200.2233670803662
10 1266.9318979932978 2324.326206145067 142.05036177998932 142.05036177998954
9 1790.4889456966882 2305.3861579077343 144.75608295675102 144.75608295675102
1 1728.962303631517 736.0867721723015 125.81603471941912 125.81603471941912
