0 820.8280394304493 128.7185104052574 91.09309967141292 91.09309967141293
13 819.8378970427166 200.99890470974805 61.38882803943045 61.38882803943045
2 596.0657174151147 343.57940854326387 120.79737130339538 120.79737130339544
1 1035.6889375684555 325.75684556407447 124.7579408543263 124.75794085432642
3 430.7119386637459 522.7951807228917 95.05366922234384 95.0536692223439
11 1212.9244249726175 441.603504928806 91.0930996714128 91.0930996714128
4 491.11062431544383 652.5038335158818 61.38882803943051 61.38882803943045
12 1179.2595837897043 603.986856516977 59.40854326396493 59.40854326396504
6 622.7995618838993 536.6571741511501 130.69879518072287 130.6987951807228
5 976.2803943044905 527.7458926615554 132.67907995618862 132.67907995618833
7 626.7601314348301 988.1621029572841 142.58050383351588 142.58050383351576
8 991.132530120482 942.6155531215771 142.58050383351576 142.58050383351565
10 606.9572836801754 1231.7371303395403 99.014238773275 99.01423877327511
9 980.2409638554218 1203.0230010952903 104.95509309967144 104.95509309967156
