0 1228.8000000000002 329.6 185.60000000000014 185.60000000000002
2 984.32172137715 663.2115092416225 197.86334596370637 197.86334596370625
1 1486.590214977327 651.0353033361637 203.95144891643577 203.95144891643565
3 829.0750960825492 1052.8500982163055 106.5418016727649 106.54180167276479
11 1752.9447191592399 996.5351459035585 121.76205905458846 121.76205905458835
13 1233.9339424390562 480.5684206597397 94.36559576730588 94.3655957673061
6 1243.06609686815 1433.3565327618944 203.95144891643577 203.95144891643554
5 1711.8500242283158 1323.770679612765 216.1276548218948 216.12765482189457
4 935.6168977553145 1399.8719665218828 100.4536987200355 100.45369872003562
12 1821.4358773774456 1302.462319278212 112.62990462549419 112.62990462549419
7 1497.2443951446035 2061.953162631208 213.08360334552958 213.08360334552935
8 1806.2156199956223 1941.7131293148018 203.95144891643577 203.95144891643577
10 1883.8389326429224 2652.4991490459624 158.29067677096486 158.2906767709651
9 2048.2177123666165 2570.309759184115 170.46688267642367 170.46688267642412
