0 1102.9010773751224 330.9813907933399 102.18217433888344 102.18217433888356
13 1085.1302644466211 377.6297747306562 62.19784524975512 62.19784524975512
2 944.0744368266406 440.93829578844264 104.40352595494596 104.40352595494608
3 773.030362389814 658.6307541625856 108.84622918707134 108.84622918707134
4 631.9745347698336 828.564152791381 84.41136141038203 84.41136141038203
1 1241.73555337904 487.58667972575904 117.73163565132222 117.73163565132222
11 1280.6092066601373 673.0695396669933 115.51028403525947 115.51028403525959
12 1307.2654260528893 852.9990205680706 84.41136141038191 84.41136141038203
6 878.544564152791 728.6033300685602 115.51028403525959 115.51028403525947
7 690.8403525954946 1134.0 135.50244857982364 135.50244857982352
10 516.4642507345739 1432.771792360431 119.95298726738486 119.95298726738497
5 1107.343780607248 726.3819784524975 133.281096963761 133.281096963761
8 1132.8893241919686 1153.9921645445643 126.61704211557299 126.61704211557276
9 1158.4348677766893 1479.4201762977473 115.51028403525947 115.51028403525947
