0 1342.1067636819757 167.48889821987586 172.50832685164892 172.50832685164906
13 1364.0357882817625 383.85527427109673 122.80253775880101 122.80253775880112
2 1091.3056057854544 521.4679442771065 152.4228022532185 152.42280225321844
1 1714.3203419195434 435.9050933517902 174.27251688070214 174.2725168807018
3 853.8204825934102 629.4603497886987 128.65027765207742 128.65027765207742
11 2094.2723074546325 483.9978199434523 147.65543230522508 147.65543230522513
4 617.7179844023822 586.3332680757865 89.17803337246266 89.17803337246266
12 2489.7257177374386 315.1443305251009 116.95479786552505 116.95479786552471
6 1144.7455422839028 1357.5039665015906 163.73671701173453 163.73671701173453
5 1592.828611606194 1352.3871940949743 185.6657416115204 185.66574161152062
7 1262.431307636088 2029.2630867416974 173.97026182496802 173.9702618249678
8 1673.2350351387436 2057.03985123476 168.12252193169184 168.1225219316916
10 1215.6493884898778 2624.2706208825557 121.3406027854819 121.34060278548213
9 1641.0724657257242 2666.6667351088086 124.26447273212011 124.26447273212034
