0 624.820653536505 87.50089631416351 73.34494740662888 73.34494740662888
13 628.8953728368733 154.54855025658685 51.86006382286894 51.86006382286891
2 476.6490426140225 223.81877836284764 77.79009573430335 77.79009573430338
1 773.3626934862939 210.85376240713043 74.0858054612412 74.08580546124125
3 402.5632371527811 435.7041819819977 65.93636686050479 65.93636686050479
11 892.6408402788924 414.5897274255441 62.232076587442634 62.23207658744269
4 386.63478897861427 304.2018772882943 48.89663160441921 48.89663160441927
12 894.4929854154233 283.08742273184055 48.15577354980678 48.15577354980684
6 555.1799964029382 447.5579108557963 92.60725682655169 92.60725682655163
5 782.9938481962549 447.92833988310235 94.82983099038881 94.82983099038876
7 614.7131888591089 800.9280900157853 107.83932302140977 107.83932302140977
8 765.88980991716 800.9280900157843 109.85501130218381 109.85501130218381
10 633.862227526462 1133.5166563434968 61.47849256360735 61.47849256360746
9 750.2682257411616 1129.9892018521423 60.470648423220496 60.47064842322038
