0 1575.0541871921182 271.1836734693877 135.1161154116819 135.11611541168188
13 1509.7480647431385 480.61365235749486 130.61224489795927 130.61224489795933
2 1189.9732582688248 633.7452498240675 184.658691062632 184.6586910626321
4 1124.667135819845 1446.6938775510203 117.10063335679092 117.10063335679092
6 1318.3335679099227 1383.6396903589025 198.1703026038001 198.17030260379988
7 1343.697470276677 2128.3191229304794 184.89573687914367 184.8957368791439
8 1573.6319122930477 2130.689581095596 170.6729878884405 170.6729878884405
10 1331.845179451091 2628.4857957702134 123.263824586096 123.26382458609578
9 1566.5205377976959 2540.778843660877 128.0047409163301 128.00474091633032
3 1081.3670886075952 1105.9746835443038 166.78481012658233 166.78481012658222
5 1635.037974683544 1367.0886075949365 180.45569620253173 180.45569620253173
