0 1038.4 491.2 118.40000000000009 118.39999999999998
13 1047.2709869594391 650.9067962972872 113.35618870043186 113.35618870043163
2 872.0163531133767 770.9748645918235 153.62746626505884 153.62746626505884
1 1336.6275739052776 773.2121577898583 134.2375918820901 134.23759188209021
3 887.6774054996197 1095.3823783068742 131.2545342847103 131.2545342847102
11 1511.8822077513396 969.3481948175792 123.79689029126075 123.79689029126098
4 1095.7456729168598 1361.6202688730195 99.9324295122226 99.9324295122226
6 1255.3392543766781 1196.0605722184425 186.4410998362364 186.4410998362364
5 1547.6788989198972 1136.3994202708463 150.64440866767904 150.64440866767904
7 1563.3399513061404 1841.1467776518195 158.10205266112848 158.1020526611287
8 1817.6456114827674 1728.5363533507332 141.69523587554 141.69523587553977
10 1823.6715918722862 2392.3863991572553 105.8985447069822 105.8985447069822
9 2178.595580765721 2201.3509825354295 102.91548710960205 102.91548710960251
