0 1609.8251986379119 211.0964812712826 154.46083995459708 154.46083995459702
13 1608.2941324406193 365.7860305927889 80.6067011307698 80.6067011307698
2 1380.1223151419679 413.8633234759352 128.94442587564117 128.944425875641
1 1812.18475157633 603.8260807788158 118.70342533603616 118.70342533603605
3 1138.1349718009908 602.6720175414105 115.46337973065056 115.46337973065067
11 1905.9654710338366 937.2668732250413 115.7429554698233 115.74295546982319
4 933.4713652817388 825.6575947362832 90.94089358343251 90.9408935834324
12 1996.85976866074 1275.1949664271147 84.74037811183484 84.74037811183484
6 1403.816909747482 915.7980488570929 140.5450173562142 140.5450173562141
5 1792.829361655444 996.199222284301 134.95855752112402 134.95855752112413
7 1288.967585653339 1638.9119448043161 173.24166555250486 173.24166555250486
8 1787.8761013343078 1676.5809971991907 177.56172635968505 177.56172635968505
10 1135.9283454408721 2280.8050839842626 119.69024862477363 119.69024862477363
9 1923.4870022468344 2424.310571206688 127.95760258690348 127.95760258690325
