0 1571.9121546961328 168.13591160220997 145.92928176795567 145.92928176795584
2 1402.1900552486188 496.47679558011055 149.10165745856375 149.10165745856358
1 1879.6325966850827 513.924861878453 152.27403314917137 152.27403314917132
3 1340.3287292817677 900.9546961325966 183.99779005524852 183.99779005524852
11 2039.8375690607736 832.7486187845304 174.48066298342542 174.48066298342542
4 1235.6403314917134 656.6817679558012 139.5845303867402 139.5845303867403
6 1630.601104972376 1019.9187845303868 231.5834254143649 231.5834254143648
7 1887.563535911603 1698.8071823204414 250.61767955801133 250.61767955801133
8 2187.353038674033 1690.8762430939223 234.7558011049723 234.75580110497253
10 2077.9060773480664 2298.3861878453035 212.54917127071803 212.54917127071803
13 1600.1474547370826 373.3920879681531 101.51602209944735 101.51602209944735
9 2475.0601458080196 2220.4027946537058 104.65370595382774 104.65370595382774
5 2002.3742405832322 955.8371810449573 143.02673147023074 143.02673147023086
