0 392.6647241502784 1379.920643086996 128.42062956719968 128.42062956719974
13 537.529458723034 1377.5714852290596 98.66463003333638 98.66463003333638
1 718.4146137841506 1094.889489657358 122.15620861270213 122.15620861270213
3 648.7229306653655 1985.2203178153213 126.8545243285754 126.85452432857551
4 481.1496701325561 1693.9247434311856 89.26799860158974 89.26799860158985
6 1443.454628556924 1751.3790448851562 155.0444186238144 155.04441862381418
5 1482.7863449997822 1362.4020252179475 145.6477871920681 145.6477871920681
7 2160.014485937897 1781.6266367941512 158.17662910106264 158.17662910106287
8 2111.4652235405415 1484.0666414555178 158.17662910106333 158.1766291010631
10 2709.7174246950567 1812.9487415666385 108.06126146508268 108.06126146508268
9 2692.4902670701886 1477.8022205010202 108.06126146508268 108.06126146508268
12 536.2833488077358 1264.0922550878167 70.10185353842502 70.10185353842485
2 603.1354704227598 1570.4783855525802 129.98673480582397 129.9867348058242
