0 1268.458569807038 193.58002270147557 210.56072644721917 210.56072644721905
13 1271.854710556186 312.4449489216799 108.67650397275816 108.67650397275827
2 1034.1248581157774 499.2326901248581 142.63791146424512 142.63791146424518
1 1572.4131668558457 507.72304199772975 146.0340522133938 146.03405221339375
11 1670.9012485811577 803.1872871736663 132.44948921679907 132.44948921679907
4 877.9023836549375 1086.7650397275825 101.8842224744609 101.88422247446101
12 1677.6935300794553 1071.4824063564133 98.48808172531221 98.48808172531221
6 1046.0113507377982 1125.8206583427927 254.71055618615196 254.71055618615196
5 1529.961407491487 1120.7264472190695 264.89897843359836 264.89897843359836
7 1023.9364358683313 1708.2587968217936 149.4301929625425 149.43019296254238
8 1567.3189557321227 1687.8819523269012 163.01475595913735 163.01475595913735
10 876.2043132803632 2331.450624290579 112.07264472190695 112.07264472190673
9 1718.4472190692395 2328.0544835414303 112.07264472190695 112.07264472190673
3 888.2782376641912 755.2260443835994 135.04430962204685 135.04430962204697
