0 1443.3507377979568 2323.777525539159 260.8671963677639 260.8671963677639
1 1106.969353007946 2045.7480136208844 260.867196367764 260.8671963677639
2 1868.976163450625 2069.7752553916 260.8671963677639 260.8671963677639
11 990.2656072644731 1675.0419977298511 205.9477866061294 205.9477866061295
3 2064.626560726448 1699.0692395005663 205.9477866061295 205.94778660612928
12 1024.5902383654948 1331.795686719635 151.02837684449491 151.02837684449491
4 1999.4097616345068 1379.8501702610647 151.0283768444947 151.02837684449491
5 1235.6867196367766 1179.0510783200893 202.51532349602712 202.51532349602735
6 1808.9080590238366 1196.2133938706002 202.51532349602712 202.51532349602735
8 1340.3768444948923 693.3575482406341 178.488081725312 178.4880817253121
7 1786.5970488081716 703.6549375709407 178.4880817253122 178.4880817253122
9 1347.2417707150958 278.02951191827316 137.29852440408627 137.29852440408627
10 1827.7866061293971 281.4619750283753 137.29852440408627 137.29852440408627
