0 1643.4705463623154 302.4263763538308 168.19040344337554 168.19040344337543
13 1645.7433896520906 431.97844387102543 118.18785106831774 118.18785106831785
2 1429.8232771234334 652.4442429792336 168.19040344337554 168.19040344337532
1 1895.7561515273787 541.0749217802418 181.8274631820275 181.8274631820276
3 1304.8168961857891 1041.100445530818 127.27922422741926 127.27922422741926
11 2116.2219506355877 861.5458256385652 131.8249108069699 131.82491080697002
12 2013.9440025956965 1209.290848974193 127.27922422741904 127.27922422741926
6 1420.7319039643319 1159.2882965991353 195.46452292067943 195.4645229206792
5 1852.5721290216468 1082.0116247467738 195.46452292067943 195.46452292067954
7 1450.2788667314112 1857.0511865601661 181.8274631820275 181.8274631820275
8 1888.9376216580526 1786.5930445771305 177.28177660247684 177.28177660247684
10 1379.8207247483756 2461.6275016404074 154.5533437047236 154.55334370472337
9 1988.9427264081678 2470.718874799509 118.1878510683182 118.1878510683182
