13 1541.6147986942344 361.9586507072903 105.2970620239389 105.29706202393913
2 1350.7638737758455 523.1947769314472 144.78346028291617 144.78346028291617
1 1717.6583242655065 393.2187159956474 161.2361262241568 161.23612622415703
3 1238.8857453754072 983.8694232861804 151.36452665941238 151.36452665941238
11 2066.454842219805 702.5288356909681 141.49292709466818 141.49292709466795
12 1987.4820457018498 419.54298150163186 108.5875952121869 108.58759521218718
5 1707.7867247007664 1064.4874863982611 194.1414581066374 194.14145810663751
7 1385.3144722524487 1775.2426550598475 174.398258977149 174.39825897714923
8 1566.2937976060934 1765.3710554951058 200.72252448313384 200.72252448313407
10 1250.402611534277 2545.227421109902 154.6550598476606 154.6550598476606
9 1372.1523394994574 2564.97062023939 154.65505984766037 154.65505984766014
0 1542.009547547631 225.65652532593472 128.3144663990256 128.31446639902578
6 1326.858044628129 1087.7598927042864 142.4966068757792 142.4966068757791
