0 1506.3947089947087 270.53015873015875 156.70052910052914 156.70052910052908
13 1515.1688114322287 383.62094700869545 116.34630681934914 116.3463068193492
2 1269.8720145547672 450.5200734298212 153.18930397880968 153.18930397880973
1 1780.8262120030754 484.45441291879786 151.2501988651536 151.25019886515383
3 1047.8444790411763 682.2431345116916 135.73735795590744 135.73735795590744
11 1933.0459634250574 733.6294200235707 141.55467329687485 141.55467329687485
4 989.6713256315016 922.6921686050132 104.71167613741432 104.71167613741432
12 1922.3808852999507 986.6826373556553 112.46809659203745 112.46809659203757
6 1244.6636480772418 751.081366046473 188.09319602461437 188.09319602461449
5 1707.1402176841548 775.320179967171 182.27588068364707 182.27588068364696
7 1191.3382574517068 1498.6063873607918 205.54514204751672 205.54514204751672
8 1583.037490410182 1529.6320691792846 213.30156250213986 213.30156250213986
10 1067.2355301777347 2105.5462879350625 135.73735795590733 135.73735795590756
9 1586.915700637494 2126.876444185277 135.7373579559071 135.7373579559071
