0 1329.589103291714 196.97616345062428 176.5993189557321 176.59931895573214
13 1332.9852440408627 305.65266742338247 108.67650397275838 108.67650397275821
2 1129.216799091941 444.89443813847896 135.84562996594764 135.84562996594775
1 1541.8479001135074 433.0079455164585 146.0340522133938 146.0340522133938
3 813.3757094211123 750.5471055618616 115.46878547105564 115.46878547105564
11 1898.4426787741204 718.283768444949 132.4494892167993 132.4494892167993
4 830.3564131668559 499.2326901248581 95.09194097616341 95.09194097616341
12 1849.1986379114642 489.04426787741204 108.67650397275816 108.67650397275821
6 1161.4801362088535 949.2213393870602 173.2031782065833 173.2031782065834
5 1548.6401816118046 945.8251986379112 173.2031782065833 173.2031782065833
7 1040.917139614075 1728.635641316685 176.5993189557322 176.59931895573231
8 1696.3723041997735 1657.3166855845627 183.39160045402969 183.39160045402969
10 876.2043132803633 2283.904653802497 139.24177071509655 139.24177071509666
9 1918.8195232690125 2232.9625425652666 139.24177071509666 139.24177071509666
