0 1819.8620689655172 302.89655172413785 109.24137931034466 109.24137931034468
13 1777.655172413793 419.58620689655163 84.41379310344814 84.41379310344814
2 1459.8620689655172 608.2758620689656 183.72413793103442 183.72413793103442
1 1929.103448275862 585.9310344827586 168.82758620689674 168.82758620689657
3 1293.5172413793102 864.0 119.17241379310349 119.17241379310349
11 2160.0 871.448275862069 124.13793103448279 124.13793103448279
4 1226.4827586206898 1164.4137931034484 114.20689655172396 114.20689655172396
12 2142.620689655172 1231.4482758620688 119.17241379310371 119.17241379310349
7 1345.655172413793 1854.6206896551723 193.65517241379325 193.65517241379303
8 2003.5862068965516 1837.2413793103447 198.62068965517233 198.62068965517233
10 1226.4827586206898 2455.448275862069 134.06896551724117 134.0689655172414
9 2150.068965517241 2465.379310344828 134.0689655172414 134.0689655172414
6 1479.7241379310346 1080.0 213.5172413793107 213.51724137931058
5 1894.344827586207 1107.3103448275863 208.55172413793116 208.55172413793127
