0 1616.0334008470427 217.66531358240488 159.30693542595736 159.3069354259573
13 1607.183015545601 357.05888208011754 97.35423831586263 97.35423831586263
2 1367.1163142439843 488.7083634390685 148.2439537991545 148.2439537991546
1 1818.48596461753 515.2595193433947 148.2439537991545 148.2439537991546
3 1170.195241286898 749.7947298316094 148.2439537991545 148.2439537991546
11 2013.1944412492562 811.7474269417037 148.24395379915472 148.2439537991546
4 1224.4038512582306 1042.9637429418779 110.6298162680257 110.62981626802593
12 1978.8991982061673 1089.4282657744488 110.62981626802593 110.6298162680257
6 1422.4312223779962 853.7867571235538 148.2439537991545 148.2439537991546
5 1807.4229829907265 831.6607938699485 148.2439537991545 148.24395379915472
7 1418.0060297272753 1486.5893061766624 148.2439537991545 148.24395379915472
8 1818.4859646175287 1484.3767098513017 148.2439537991545 148.24395379915472
10 1318.439195086051 2117.1792589044107 148.2439537991545 148.24395379915472
9 1904.7772213065882 2139.3052221580165 148.2439537991545 148.2439537991545
