0 1537.4113225370388 303.0505336467323 141.71679463934106 141.7167946393413
13 1532.7648702537822 444.7673282860737 99.8987240900276 99.8987240900276
2 1245.8464417626562 608.5547712708862 116.16130708142737 116.16130708142725
1 1799.9358765410648 623.6557411914717 123.13098550631298 123.13098550631298
3 1178.4728836554286 970.9780493649397 125.45421164794129 125.45421164794129
11 1851.0468516568926 969.816436294125 123.13098550631298 123.1309855063131
4 1163.3719137348426 1255.573251714436 104.54517637328445 104.54517637328445
12 1875.4407261439924 1279.9671262015363 125.45421164794107 125.45421164794107
6 1301.6038691617414 1115.0180701459094 120.80775936468444 120.80775936468444
5 1741.855223000351 1113.856457075095 127.77743778957006 127.77743778957006
7 1385.2400102603692 1756.2284852353882 144.04002078097005 144.04002078097005
8 1705.8452178051084 1753.90525909376 153.3329253474842 153.33292534748443
10 1349.2300050651268 2366.0753474128815 137.07034235608398 137.07034235608398
9 1781.3500674080365 2356.7824428463673 141.7167946393413 141.71679463934151
