0 1113.83427922815 188.78547105561864 205.9477866061294 205.94778660612948
13 1120.699205448354 308.9216799091941 109.83881952326897 109.838819523269
2 933.6299659477866 317.5028376844495 140.73098751418854 140.73098751418846
1 1330.0794551645859 528.5993189557321 137.29852440408627 137.29852440408627
4 641.8706015891032 327.80022701475593 78.94665153234962 78.94665153234962
6 937.062429057889 1086.374574347333 202.51532349602712 202.515323496027
5 1330.0794551645856 1112.118047673099 199.08286038592541 199.0828603859253
7 911.3189557321225 1812.3405221339387 157.89330306469913 157.893303064699
8 1323.214528944381 1826.0703745743476 151.02837684449491 151.02837684449491
10 954.2247446083991 2452.4948921679916 106.40635641316669 106.40635641316703
9 1422.7559591373442 2495.4006810442684 109.83881952326897 109.8388195232692
3 427.23239662879723 446.19162846956226 106.4063564131668 106.40635641316686
11 1497.633074337883 851.5550999943298 92.67650397275816 92.67650397275838
