0 903.7722485117362 977.8047433229567 107.41969835353575 107.41969835353575
13 950.2240099619139 1093.934146948401 66.77440708463052 66.77440708463064
3 847.159164244332 1487.3225017295927 110.3229334441719 110.32293344417167
4 1076.5147364045843 1655.710136986487 81.2905825378109 81.29058253781068
6 1160.7085540330309 1501.8386771827732 162.58116507562158 162.58116507562136
7 1586.0324948112202 1892.3237968733292 153.87145980371315 153.87145980371338
8 1842.9688003325155 1768.9363055212948 162.5811650756218 162.58116507562158
10 1927.162617960962 2271.1959762013403 92.90352290035526 92.90352290035526
9 2279.9056814732485 2040.3887864957705 95.80675799099117 95.8067579909914
2 820.9714813644931 1236.7072109090614 139.3552843505331 139.3552843505331
1 1082.8064675732905 1125.0790775798569 118.62266926728125 118.62266926728125
5 1415.8418396243237 1327.2346022958081 133.1974117845764 133.19741178457593
11 1442.6356780613362 1291.4955512323352 65.79668233065149 65.79668233065149
