0 1186.9815016322127 1616.6637649619147 229.33188248095757 229.33188248095757
13 1193.2818280739937 1451.5952121871603 151.20783460282928 151.20783460282928
1 943.7889009793253 1239.9042437431997 191.52992383025037 191.52992383025003
4 1606.58324265506 1660.7660500544075 110.88574537540808 110.88574537540808
12 762.3394994559305 1628.0043525571273 95.76496191512524 95.76496191512524
6 1397.412404787815 864.4047878128395 131.04678998911868 131.04678998911857
5 933.7083786724698 877.0054406964085 141.12731229597398 141.12731229597398
7 1336.9292709466808 665.3144722524478 115.92600652883584 115.92600652883573
8 1000.4918389553864 674.1349292709457 128.5266594124049 128.5266594124048
10 1339.4494015233959 524.1871599564744 65.52339499455934 65.52339499455928
9 1016.8726877040269 491.4254624591947 70.56365614798688 70.56365614798688
2 1468.9182962846028 1275.9454902280386 183.96953210010906 183.96953210010884
3 1724.9408939098762 1432.7174261185219 134.7121842737722 134.7121842737722
11 638.8239082025882 1396.7431496363204 151.55120730799354 151.55120730799354
