0 1981.3090909090906 530.1818181818184 184.58181818181833 184.58181818181833
13 1997.0181818181818 632.2909090909089 82.47272727272707 82.47272727272707
2 1808.5090909090918 840.4363636363635 184.5818181818181 184.58181818181788
1 2289.6000000000004 693.1636363636364 204.21818181818162 204.21818181818185
3 1623.9272727272726 985.7454545454548 113.89090909090919 113.89090909090919
11 2701.9636363636373 622.4727272727271 125.67272727272712 125.67272727272689
4 1816.3636363636365 754.0363636363636 82.47272727272752 82.4727272727273
12 2489.890909090909 496.79999999999984 109.96363636363594 109.96363636363611
6 1716.218181818182 1474.690909090909 157.090909090909 157.09090909090924
5 2101.0909090909095 1458.9818181818177 219.92727272727302 219.9272727272728
7 1786.909090909091 2118.7636363636366 196.36363636363603 196.36363636363626
8 2055.927272727273 2160.0 208.14545454545487 208.1454545454544
10 1598.4 2821.745454545455 133.52727272727293 133.5272727272727
9 1959.7090909090912 2892.4363636363632 133.52727272727248 133.5272727272727
