0 2072.349602724177 1182.9125993189557 203.37343927355255 203.37343927355278
13 1924.0058987745588 1078.5468901165361 96.44019110167528 96.44019110167528
2 1891.0555001481532 886.4701761723657 101.26220065675943 101.26220065675943
1 1671.654065391841 1218.3851672139658 102.86953717512051 102.86953717512074
11 1253.7465706179137 1105.8716109286775 122.15757539545575 122.15757539545575
12 1009.4314198270017 1027.1121215289759 96.44019110167574 96.44019110167574
6 1286.696969244319 648.584371454899 114.12089280364944 114.12089280364944
5 1140.4293460734448 851.1087727684178 126.97958495053967 126.97958495053956
7 823.7840519562762 478.20670050860554 120.55023887709456 120.5502388770945
8 507.1387578391081 709.663159152627 149.4822962075972 149.4822962075972
10 487.85071961877304 317.47304867247954 107.69154673020444 107.6915467302045
9 163.97241116897905 599.5606076448807 109.29888324856569 109.29888324856563
3 1621.6154642732865 761.5764464795911 64.24686131756698 64.24686131756687
