9 1573.0311612476546 2351.6950613145636 120.2440704047608 120.2440704047608
10 1243.4335754060335 2395.7129799448776 113.80242377593436 113.80242377593413
8 1640.6684508503326 1667.806910887487 165.33559680654594 165.33559680654594
7 1323.9541582663642 1653.8500098583631 146.01065692006637 146.0106569200666
5 1669.6558606800518 934.53280297274 146.0106569200666 146.0106569200667
6 1274.5682007786947 1035.4519334910215 111.65520823299221 111.65520823299221
12 1909.0703937181024 1017.2006013760129 79.44697508885952 79.44697508885963
4 1183.3115402036528 1257.6887421855347 75.15254400297522 75.15254400297545
11 1955.2355278913587 717.6640331355819 98.77191497533909 98.77191497533909
3 1196.1948334613057 946.3424884589217 88.03583726062857 88.03583726062845
1 1763.0597367980358 383.7720162080766 126.68571703358771 126.68571703358754
2 1308.9236494657694 567.3589451296309 98.77191497533931 98.77191497533943
0 1598.7977477629597 167.97685414238958 115.94963931887673 115.94963931887654
13 1580.5464156479518 325.7971965486382 83.74140617474404 83.74140617474421
