0 1876.6088276069463 138.99051885306216 147.46180413351294 147.46180413351297
13 1882.0202699604697 302.68665004714546 101.46454412856406 101.464544128564
2 1608.7424311075365 460.97133888770486 123.11031354265765 123.11031354265765
1 2160.7095511669245 400.0926124105668 128.52175589618128 128.52175589618105
3 1282.0265990135617 669.9882997925472 127.16889530780031 127.16889530780031
11 2559.1269944450864 544.1722650731278 121.75745295427714 121.7574529542768
4 1497.807862860307 459.61847829932424 71.70161118418514 71.7016111841852
12 2383.931548249766 345.9781888753327 77.11305353770877 77.11305353770865
6 1549.21656521878 866.8295154019606 133.93319824970445 133.93319824970445
5 1989.5726867367462 849.9187580472005 146.10894354513243 146.10894354513232
7 1528.2472260988761 1645.4007840151412 162.3432706057024 162.34327060570195
8 1776.4971440667628 1643.3714931325712 160.99041001732144 160.99041001732144
10 1316.5245440172725 2422.6191920399424 125.81603471941912 125.81603471941935
9 1686.5319149394363 2481.468627634509 129.87461648456178 129.874616484562
