0 1510.2157910297674 202.9143006936661 146.89515332258657 146.89515332258662
13 1520.1188350739867 327.52760491675934 128.7395725748513 128.7395725748512
2 1216.1295479372081 529.7635867855947 144.71568520149185 144.71568520149174
1 1836.3396273721733 528.3378164880428 148.99299609414652 148.99299609414652
3 1135.9299686999288 826.6802512507245 158.26050302823228 158.26050302823216
11 1898.7170778900577 850.2054611603264 138.29971886250928 138.29971886250917
4 1151.969884547385 1122.171145418302 139.01260401128525 139.01260401128502
12 1919.3907472045562 1133.9337503731035 142.57702975516418 142.57702975516418
6 1312.0126004475565 1039.1200255859192 171.09243570619697 171.09243570619708
5 1791.071420424909 1029.1396335030574 179.64705749150698 179.64705749150687
7 1334.5304908792339 1800.1662362314335 292.8994940949033 292.8994940949033
8 1761.420072809962 1800.2517465161882 297.5964197895328 297.5964197895328
10 1326.1377910464926 2405.360658982916 215.77374603552994 215.77374603553017
9 1781.3780866038069 2431.5919771284116 209.0043736108862 209.00437361088598
