0 1642.4335981838822 343.24631101021566 185.3530079455163 185.35300794551645
13 1645.8660612939843 511.43700340522133 89.24404086265622 89.2440408626561
2 1409.0261066969356 696.7900113507378 144.1634506242906 144.1634506242906
1 1884.4222474460844 598.9648127128263 161.32576617480117 161.3257661748014
3 1211.6594778660613 918.1838819523264 113.2712826333709 113.27128263337102
11 2299.750283768444 574.9375709421113 140.73098751418866 140.73098751418848
4 1185.916004540295 607.5459704880817 75.51418842224734 75.51418842224734
12 2191.6276958002277 257.4347332576617 116.70374574347352 116.70374574347335
6 1529.1623155505108 1379.8501702610665 192.21793416572132 192.2179341657211
5 1863.8274687854707 1343.809307604994 202.51532349602712 202.51532349602712
7 1621.8388195232687 1966.8013620885363 185.3530079455163 185.35300794551677
8 1831.219069239501 1990.8286038592507 199.08286038592496 199.08286038592496
10 1645.8660612939843 2618.9693530079458 123.56867196367762 123.56867196367739
9 1808.9080590238373 2665.307604994325 106.4063564131668 106.40635641316658
