0 1639.0011350737796 151.0283768444949 178.4880817253122 178.48808172531216
13 1630.253471954579 316.58353121949585 123.73469587086947 123.7346958708693
2 1350.4226982158434 487.90849473300716 188.45745986486259 188.45745986486253
1 1901.517997517638 505.9927964372113 182.7466277477456 182.7466277477455
3 1167.6760704680978 802.0042611744448 157.99968857357158 157.99968857357158
11 2031.9153308584769 807.7150932915617 146.57802433933762 146.5780243393375
4 1232.3988344620907 1085.6422563245915 93.27692457957846 93.27692457957846
12 1903.4216082233438 1118.9554436744409 102.79497810810699 102.79497810810699
6 1365.6515838614887 961.9075604537222 192.2646812762739 192.26468127627413
5 1750.1809464140356 973.329224687956 196.07190268768522 196.07190268768534
7 1274.2782699876163 1687.1832393275895 180.84301704204017 180.84301704203995
8 1646.4341629530768 1766.1830836143731 190.3610705705687 190.3610705705687
10 1116.2785814140445 2340.1217113846387 127.54191728228079 127.54191728228079
9 1593.1330631933179 2392.4710057915427 133.25274939939777 133.25274939939754
