0 1118.9829738933033 193.9341657207718 250.56980703745728 250.56980703745734
13 1127.5641316685583 319.2190692395005 96.10896708286054 96.10896708286037
2 950.7922814982974 427.34165720771847 140.73098751418854 140.73098751418843
1 1390.1475595913735 437.6390465380249 140.73098751418843 140.7309875141883
3 645.3030646992056 749.9931895573213 113.27128263337124 113.27128263337124
11 1704.2179341657206 713.9523269012485 102.97389330306464 102.97389330306464
4 774.0204313280362 501.13961407491485 68.64926220204313 68.64926220204313
6 1141.293984108967 1177.3348467650399 254.00227014755944 254.00227014755956
5 1575.5005675368895 1141.2939841089674 229.97502837684442 229.97502837684442
7 1321.4982973893302 1820.9216799091942 154.46083995459708 154.46083995459708
8 1647.5822928490345 1800.3269012485807 161.32576617480117 161.3257661748014
10 1465.661748013621 2493.6844494892175 99.54143019296248 99.54143019296316
9 1853.5300794551654 2411.3053348467656 106.4063564131668 106.40635641316658
