0 1328.4383561643835 466.52054794520564 209.75342465753442 209.75342465753448
13 1293.4794520547946 631.6712328767123 81.97260273972597 81.97260273972597
2 1041.5342465753424 671.4520547945206 151.8904109589041 151.890410958904
1 1448.9863013698628 845.0410958904108 132.60273972602727 132.60273972602727
3 899.2876712328767 994.5205479452054 118.13698630136992 118.1369863013698
11 1510.4657534246576 1229.5890410958903 86.79452054794501 86.79452054794501
4 954.7397260273973 1397.150684931507 79.56164383561645 79.56164383561645
6 1121.0958904109589 1274.1917808219177 176.0 176.0
5 1445.3698630136985 1289.8630136986299 144.65753424657532 144.6575342465751
7 1233.2054794520548 2005.9178082191781 178.41095890410952 178.41095890410952
8 1411.6164383561645 1986.6301369863013 173.58904109589025 173.5890410958907
10 1395.945205479452 2674.958904109589 137.42465753424653 137.42465753424676
9 1523.7260273972604 2653.2602739726026 127.78082191780823 127.78082191780823
