0 1761.6680360917544 716.1574235011045 112.97365037158966 112.97365037158966
13 1696.6073177974013 785.2529150230146 71.61722478913293 71.61722478913293
2 1452.5035375302164 783.235528409236 73.6346114029111 73.63461140291133
1 1767.7201959330898 949.1655773925086 88.7650110062491 88.7650110062491
3 1257.3213826471574 923.9482447202786 64.55637164090831 64.55637164090842
11 1636.0857193840502 1176.6259180960217 91.79109092691692 91.7910909269167
4 1094.9217602379977 1050.034908081428 58.50421179957334 58.50421179957334
12 1507.9816694091223 1331.9646873569577 75.65199801668928 75.65199801668928
7 915.8786982651652 1351.1298601878525 122.05189013359256 122.05189013359245
8 1113.0782397620028 1457.5470040646624 121.04319682670325 121.04319682670302
6 1297.164768269281 975.8959500250721 77.66938463046813 77.66938463046802
5 1515.0425225573463 1118.1217062964488 85.73893108558127 85.7389310855815
10 598.6446532485136 1638.1031059978282 90.78239762002738 90.7823976200275
9 719.6878500752166 1739.9811299936368 90.78239762002738 90.78239762002727
