0 381.98410896708276 1734.4562996594777 158.38365493757084 158.38365493757078
13 608.6145146638078 1752.5220231291805 106.27142690665471 106.2714269066546
2 806.9878448895631 1974.9835434537777 157.28171182184906 157.28171182184906
1 712.0520368529517 1530.0605028045832 137.44437879927364 137.44437879927364
3 1210.1107909554735 1919.0139252829395 119.02399813545344 119.02399813545321
11 1005.3611751153185 1391.1991716465543 114.77314105918686 114.77314105918686
4 1492.084310347797 1876.5053545202777 76.51542737279124 76.51542737279101
5 1238.4498381305814 1440.0840280236157 144.52914059305022 144.52914059305
6 1375.8942169298548 1714.9727856221625 181.36990192069084 181.36990192069084
8 1753.5120205381681 1364.277076830202 117.60704577669799 117.60704577669799
7 1859.074971265445 1495.345170015076 136.02742644051796 136.02742644051796
10 2184.2655375998083 1273.5921258698565 72.26457029652511 72.26457029652511
9 2087.912777204441 1211.2462220846191 72.26457029652511 72.26457029652533
12 1231.6598668320325 1385.5115767371706 72.5479607682762 72.54796076827643
