0 1252.5254237288136 564.9867724867725 227.4406779661017 227.2751322751323
13 1283.0687691359183 839.1340870159714 162.93851711889874 162.833226639106
2 907.3374124960694 1063.9411536445875 238.32798026346416 238.17397329302094
1 1616.2415578715772 1070.0170203102261 235.8960620975106 235.74362662676583
3 830.7319902685274 1687.3250735390757 172.6661897827138 172.55461330412732
11 1728.1097935054481 1677.6036868740543 172.66618978271413 172.55461330412732
4 880.5863126705785 2067.674326808033 121.5959082976857 121.51733331276591
12 1734.1895889203327 2094.408140136841 111.86823563387088 111.79594664774459
6 996.10242555338 1915.7776601670748 192.12153511034342 191.99738663416974
5 1514.1009949015213 1923.0687001658414 211.57688043797316 211.4401599642124
