0 1580.0709413369714 447.6180081855389 268.1582537517054 268.1582537517054
13 1580.0709413369714 757.0313778990451 210.40109140518416 210.40109140518427
2 1165.457025920873 1043.7544338335606 264.03274215552506 264.03274215552517
1 1955.4924965893588 1082.9467939972715 309.413369713506 309.413369713506
3 1045.8171896316508 1674.9577080491133 189.77353342428353 189.7735334242834
4 1060.2564802182812 2110.1991814461117 127.89085948158265 127.89085948158254
12 2027.6889495225103 2099.885402455662 115.51432469304245 115.51432469304245
6 1233.5279672578445 2035.9399727148702 235.15416098226478 235.154160982265
5 1796.6603001364256 2021.50068212824 247.53069577080487 247.5306957708051
11 2108.786166411318 1700.6552838437256 152.70444010426695 152.70444010426695
