0 1349.1008814887364 216.21155729676784 290.25661116552396 290.2566111655239
13 1355.024485798237 503.5063663075416 213.24975514201765 213.2497551420176
2 983.318315377081 750.816846229187 228.05876591576896 228.05876591576884
3 878.1743388834477 1472.0156709108724 183.63173359451514 183.63173359451525
4 910.7541625857004 1963.6748285994124 154.01371204701275 154.01371204701263
1 1670.4564152791384 741.9314397649364 216.21155729676775 216.21155729676775
11 1820.0274240940257 1463.1302644466214 183.63173359451548 183.63173359451548
12 1830.3937316356514 1941.4613124387856 121.43388834475991 121.43388834476013
6 1092.9049951028405 1929.6141038197845 228.05876591576884 228.05876591576907
5 1643.8001958863856 1932.5759059745353 198.44074436826668 198.44074436826668
