0 1152.5513208665477 438.53070256358166 197.61292087801849 197.61292087801837
13 1157.990208597135 779.367667013742 161.35366934076728 161.35366934076728
2 799.0236183783495 1000.5491013909733 186.73514541684312 186.73514541684312
1 1525.1151304118016 1028.6500213323425 188.54810799370557 188.54810799370557
3 799.9300996667805 1442.005488857005 148.66293130272936 148.66293130272925
11 1605.791965082186 1493.6749222975884 168.60551964821752 168.60551964821752
4 854.3189769726575 1753.8350520773645 90.64812884312789 90.64812884312778
12 1652.0225107921815 1800.972079075791 94.27405399685244 94.27405399685244
6 942.2476619504912 1722.10820698227 154.10181903331704 154.10181903331704
5 1395.488306166129 1732.9859824434461 154.10181903331704 154.10181903331727
