0 1526.43929058663 220.71487039563425 243.40518417462454 243.40518417462462
13 1495.4979536152796 523.9399727148705 165.02046384720347 165.0204638472033
2 1167.5197817189633 814.7885402455661 268.15825375170516 268.1582537517053
1 1827.6016371077767 806.5375170532061 259.9072305593452 259.90723055934507
3 998.3738062755799 1507.8744884038197 218.65211459754437 218.65211459754414
4 841.6043656207369 2002.9358799454299 127.89085948158265 127.89085948158277
12 2275.219645293315 2050.379263301501 140.26739427012262 140.26739427012262
6 1231.4652114597543 1823.4761255115961 255.78171896316508 255.78171896316508
5 1819.3506139154165 1858.5429740791271 276.4092769440656 276.40927694406537
11 2038.0518974933916 1507.956436704539 218.68489391783191 218.68489391783214
