0 1407.3098751418843 355.2599318955732 216.24517593643577 216.24517593643586
13 1422.087378640777 578.009708737864 99.0873786407767 99.08737864077659
2 1071.611650485437 899.1262135922331 183.4951456310681 183.495145631068
1 1781.7378640776703 871.6019417475727 187.16504854368895 187.16504854368907
3 1051.4271844660195 1414.747572815534 143.12621359223306 143.12621359223294
11 1867.9805825242715 1398.2330097087379 139.45631067961176 139.456310679612
4 1071.611650485437 1831.2815533980593 117.43689320388341 117.4368932038833
12 1878.990291262135 1768.8932038834955 110.09708737864071 110.09708737864071
6 1234.9223300970875 1678.9805825242722 216.52427184466046 216.52427184466023
5 1686.3203883495144 1682.650485436893 216.52427184466046 216.52427184466023
