0 1554.2068965517242 369.9310344827587 273.1034482758623 273.1034482758623
13 1469.7931034482758 752.2758620689656 203.58620689655163 203.58620689655174
2 1119.7241379310344 1017.9310344827585 248.27586206896535 248.27586206896535
1 1698.2068965517242 1139.5862068965516 263.1724137931035 263.1724137931035
3 965.7931034482758 1613.793103448276 168.82758620689663 168.82758620689674
11 1660.9655172413793 1906.7586206896553 218.48275862068976 218.48275862068976
4 935.9999999999999 1971.310344827586 119.17241379310326 119.17241379310349
12 1718.0689655172414 2534.8965517241377 173.79310344827604 173.79310344827582
6 1181.7931034482758 2137.655172413793 173.79310344827582 173.79310344827627
5 1487.1724137931033 2219.5862068965516 188.68965517241372 188.6896551724135
