0 1541.940594059406 387.5643564356435 216.23762376237642 216.23762376237624
13 1541.9405940594056 683.6435643564356 189.62376237623766 189.62376237623766
2 1202.6138613861385 893.2277227722775 202.93069306930693 202.93069306930693
3 1096.1584158415837 1521.9801980198017 149.70297029702988 149.70297029702988
11 1979.4059405940598 1546.930693069307 179.64356435643572 179.6435643564355
4 1132.7524752475251 1924.5148514851485 129.74257425742576 129.74257425742576
12 1984.3960396039604 1927.841584158417 143.0495049504948 143.04950495049502
6 1275.80198019802 1744.871287128713 222.89108910891105 222.89108910891105
5 1783.1287128712866 1713.267326732673 226.21782178217813 226.2178217821779
1 1876.8058799069468 946.8009575077826 219.56435643564373 219.56435643564328
