0 1474.9397400830403 302.51782820353264 202.02757578254568 202.02757578254563
13 1467.8922665092305 552.3116137641222 137.8172609989458 137.81726099894587
2 1084.1964830462562 816.9833990916434 156.61052386243875 156.61052386243853
1 1811.6523663872829 797.4070836088385 155.04441862381418 155.0444186238144
3 1004.3251158764124 1405.8389688144123 153.47831338518984 153.47831338518972
11 1924.4119435682387 1423.8491790585927 161.3088395783118 161.3088395783118
4 1052.091325654456 1862.3586458734203 126.85452432857528 126.85452432857528
12 1978.44257430078 1858.4433827768598 122.15620861270213 122.15620861270213
6 1139.7932190174217 1666.595491045372 145.64778719206788 145.64778719206765
5 1842.1914185404585 1628.2259126990748 147.21389243069234 147.21389243069234
