0 1592.4643584737887 305.03462289316735 291.81740673160743 291.8174067316075
13 1611.7758045074977 562.5205700092915 180.24016298128709 180.24016298128691
2 1225.5468838333113 772.8007601541265 184.53159543322226 184.53159543322238
1 1952.9446844363624 751.343597894449 188.82302788515767 188.82302788515767
3 1056.0353019818626 1397.2041819107276 150.20013581773912 150.200135817739
11 2137.4762798695847 1384.3298845549211 154.49156826967464 154.49156826967442
4 1043.1610046260566 1834.930292008139 124.4515411061268 124.4515411061268
12 2013.0247387634577 1826.3474271042676 150.20013581773924 150.200135817739
6 1198.7254310087153 1700.8230278851572 186.6773116591903 186.6773116591903
5 1864.9703191716872 1729.7901969357213 184.5315954332225 184.5315954332225
