0 1745.4074914869466 278.0295119182747 302.05675368898983 302.0567536889898
13 1767.7185017026109 643.5868331441543 181.92054483541438 181.92054483541426
2 1288.8898978433594 981.6844494892168 254.00227014755956 254.00227014755956
1 2236.249716231556 1016.0090805902385 205.94778660612928 205.94778660612928
3 1175.618615209988 1747.1237230419974 226.54256526674249 226.5425652667427
11 2255.128263337117 1649.298524404086 175.05561861520982 175.05561861520982
4 1074.3609534619752 2249.9795686719626 168.19069239500584 168.19069239500595
12 2286.020431328036 2054.3291713961407 140.7309875141882 140.7309875141882
6 1417.6072644721908 2205.3575482406354 264.29965947786627 264.29965947786604
5 2220.803632236095 2208.7900113507376 236.83995459704875 236.8399545970492
