0 1494.8376844494892 435.92281498297393 254.00227014755956 254.0022701475596
13 1476.4583741429972 762.6640548481882 162.89911851126362 162.8991185112635
2 1192.1253672869734 919.6395690499511 162.8991185112634 162.8991185112634
3 935.9294809010773 1572.71694417238 136.24289911851122 136.24289911851088
1 1737.0969637610187 934.4485798237022 174.7463271302645 174.74632713026426
11 1894.0724779627815 1630.47208619001 162.89911851126362 162.8991185112634
4 878.1743388834475 1956.2703232125368 121.43388834476002 121.43388834475991
12 1919.2477962781586 2008.1018609206662 112.54848188050937 112.5484818805096
6 1113.6376101860922 1937.0186092066608 159.9373163565133 159.9373163565133
5 1618.6248775710087 1947.3849167482863 186.59353574926558 186.59353574926558
