0 1543.653380102041 378.8635204081633 308.6734693877554 308.6734693877553
13 1538.5513392857142 912.0267857142856 211.73469387755085 211.73469387755108
2 1036.0003188775509 1162.0267857142856 216.8367346938776 216.8367346938776
1 2037.2758290816328 1201.567602040816 224.48979591836746 224.48979591836746
3 963.2962372448978 1747.4859693877536 193.8775510204082 193.8775510204082
4 960.7452168367347 2056.15943877551 142.85714285714278 142.85714285714312
12 2116.357461734693 2086.771683673469 153.0612244897959 153.0612244897959
6 1205.6431760204077 2247.485969387755 198.97959183673493 198.97959183673493
5 1926.3064413265297 2248.761479591837 191.3265306122446 191.32653061224482
11 2145.2805956140955 1828.262497686149 192.5123791013002 192.51237910130044
