0 1462.321305078282 317.2273871327005 295.58823478421755 295.58823478421743
13 1482.1927830469695 697.2694032838372 216.10232290946988 216.10232290947
2 1042.5363329897718 928.2753346698225 161.45575849558134 161.45575849558145
1 1906.9456246276518 930.7592694159082 191.26297544861131 191.26297544861143
3 920.823530431565 1688.3593669720958 176.3593669720965 176.3593669720965
11 2055.981709392803 1708.2308449407824 171.39149747992428 171.39149747992474
4 925.7913999237364 2125.531882283208 141.58428052689408 141.58428052689396
12 1935.5108742076393 2072.127285242362 139.1003457808083 139.1003457808083
6 1089.7310931654035 1993.8833407406573 216.10232290947022 216.1023229094701
5 1788.9587241885738 1997.6092428597858 223.55412714772706 223.55412714772706
