0 1575.3939302324798 995.7049348104931 193.01073886062386 193.01073886062397
13 1575.3939302324798 1314.9150029261405 126.19932925502326 126.19932925502326
2 1282.1660769634548 1567.3136614361874 170.74026899209048 170.74026899209025
1 1896.4598708371718 1558.034298990965 174.45201397017922 174.45201397017945
3 1052.0378883219414 2135.210643083793 126.19932925502326 126.19932925502371
11 2134.011549434863 2073.966850945326 107.64060436457885 107.64060436457885
4 1174.5254725988761 2298.527422119705 103.92885938648988 103.92885938648988
12 2011.5239651579284 2200.166180200349 100.2171144084009 100.2171144084009
6 1369.3920839485445 2686.404772329998 196.72248383871306 196.72248383871238
5 1924.297958172839 2654.854940016242 185.58724890444637 185.58724890444591
