0 1390.2974079126875 266.09549795361534 251.6562073669852 251.65620736698503
13 1377.9208731241474 715.7762619372443 218.65211459754437 218.65211459754426
2 1118.0136425648022 983.9345156889497 292.9113233287859 292.9113233287859
1 1749.2169167803547 1033.4406548431102 251.6562073669852 251.65620736698497
3 1023.1268758526603 1677.0204638472032 193.89904502046375 193.89904502046352
11 1928.6766712141884 1790.4720327421555 247.53069577080464 247.53069577080487
4 1045.8171896316508 2009.1241473397 148.51841746248283 148.51841746248306
12 2019.4379263301503 2075.1323328785816 140.2673942701224 140.2673942701224
6 1206.7121418826741 2025.6261937244203 288.7858117326057 288.7858117326057
5 1710.024556616644 2095.7598908594814 313.5388813096863 313.5388813096863
