0 1577.2849740932643 404.7668393782383 266.3626943005181 266.36269430051806
13 1522.4455958549222 913.9896373056995 177.5751295336786 177.57512953367882
2 1135.958549222798 1216.9119170984454 261.1398963730569 261.1398963730569
1 1929.8238341968913 1222.1347150259066 240.2487046632125 240.2487046632125
3 968.8290155440413 1906.321243523316 167.1295336787565 167.12953367875662
11 2078.6735751295337 1919.3782383419689 172.35233160621738 172.3523316062176
4 987.1088082901554 2133.5129533678755 130.56994818652845 130.56994818652856
12 2052.559585492228 2112.621761658031 99.2331606217615 99.23316062176127
6 1175.1295336787566 2305.8652849740934 193.243523316062 193.24352331606224
5 1864.5388601036268 2290.19689119171 214.13471502590664 214.13471502590664
