0 1565.1191969887077 572.9284818067754 227.6537013801758 227.65370138017568
13 1572.7076537013804 838.5244667503136 166.9460476787956 166.94604767879548
1 1910.3939774153084 1119.2973651191971 258.0075282308658 258.0075282308658
2 1193.284818067754 1138.268506900878 273.18444165621077 273.1844416562109
3 1115.5031367628608 1766.2132998745296 185.91718946047672 185.91718946047672
11 2098.208281053953 1751.0363864491844 193.50564617314967 193.50564617314967
4 1159.1367628607277 2094.414052697616 113.82685069008812 113.82685069008812
12 2102.002509410289 2096.3111668757842 110.03262233375176 110.03262233375153
6 1278.555516666319 1963.4304317693477 178.65504583206643 178.65504583206643
5 1926.6179378218521 1952.9213114262852 199.67328651819184 199.67328651819184
