0 1388.4313280363226 387.8683314415438 267.73212258796843 267.73212258796843
13 1355.8229284903523 629.8569807037459 209.38024971623167 209.3802497162318
2 962.8059023836562 913.0351872871744 267.73212258796843 267.73212258796843
1 1745.407491486947 933.6299659477868 267.73212258796843 267.7321225879683
3 839.2372304199786 1524.0136208853587 233.4074914869468 233.40749148694658
11 1903.3007945516467 1575.5005675368916 233.40749148694704 233.4074914869468
4 876.9943246311011 1946.2065834279233 178.48808172531233 178.48808172531244
12 2016.5720771850174 2004.5584562996596 178.48808172531267 178.48808172531267
6 986.8331441543701 1939.3416572077185 226.5425652667426 226.5425652667427
5 1696.4080885488775 1867.5401835801413 257.1321606424651 257.1321606424651
