0 1780.851063829787 346.9787234042552 225.191489361702 225.19148936170197
13 1753.27659574468 622.7234042553191 197.61702127659578 197.61702127659578
2 1344.255319148936 903.0638297872339 206.808510638298 206.80851063829778
1 2017.5319148936169 886.9787234042551 183.82978723404244 183.82978723404256
3 1178.8085106382982 1546.4680851063831 188.42553191489355 188.42553191489378
11 2068.0851063829787 1454.2450360869284 174.63829787234067 174.63829787234067
4 1087.0954270011039 1976.5143213293002 151.23722089791204 151.2372208979118
12 2026.926728295271 1789.2682383128379 136.83367605049148 136.83367605049125
6 1408.3369245837416 1822.9892262487756 174.74632713026472 174.74632713026472
5 1968.4464007028942 1720.1978857133095 169.42135280780553 169.42135280780576
