0 1440.9032493767968 814.4154115323402 222.49100783261042 222.49100783261042
13 1430.8660610535214 1045.2707429676807 125.4648540409462 125.46485404094608
2 1121.3860877525212 1276.1260744030214 132.1563129231297 132.1563129231297
1 1744.6760466227317 1275.2305018560103 123.79198932040026 123.79198932040026
3 1030.121058057216 1712.871866189476 95.3532890711192 95.3532890711192
11 1824.290891145657 1718.2120299365565 103.71761267384841 103.71761267384841
4 1040.2521488060431 1969.5285010693158 66.91458882183781 66.9145888218377
12 1819.8071085804536 1937.7440713789426 70.26031826292979 70.26031826292956
6 1228.281825969349 2007.725054289186 118.14269616125807 118.1426961612583
5 1639.8094561073876 2004.8919330027466 123.1612903228961 123.16129032289587
