0 1505.3844621767773 747.0177224255656 135.82081509213958 135.82081509213958
13 1500.4634181517 1041.2961551252013 98.4208805015503 98.42088050155019
2 1206.1849854520638 1248.9642129834724 131.8839798720776 131.8839798720776
1 1743.56299299053 1260.7747186436584 135.82081509213936 135.82081509213958
3 1064.4589175298315 1756.8159563714726 104.3261333316434 104.3261333316434
11 1877.4153904726377 1752.8791211514108 96.45246289151942 96.45246289151942
4 1058.5536646997384 2036.3312569958757 84.64195723133321 84.64195723133344
12 1881.3522256927 2048.1417626560615 76.76828679120922 76.76828679120945
6 1242.8364217468907 2024.4480401401029 144.90150114179778 144.90150114179778
5 1706.84166287145 2017.1027020209795 138.47817886568123 138.478178865681
