0 2045.596837944664 527.6205533596838 262.95652173913027 262.9565217391304
13 1975.5889328063242 805.9446640316205 191.2411067193675 191.24110671936774
2 1726.292490118577 1089.3913043478262 211.73122529644274 211.73122529644263
1 2282.940711462451 1113.296442687747 211.73122529644252 211.7312252964424
3 1649.4545454545455 1726.292490118577 235.63636363636374 235.63636363636374
4 1553.8339920948615 2173.660079051383 174.16600790513826 174.16600790513849
12 2424.6640316205535 2040.474308300395 153.67588932806302 153.67588932806302
6 1777.517786561265 2096.822134387352 211.73122529644274 211.73122529644252
5 2301.723320158103 2108.774703557312 194.6561264822135 194.6561264822135
11 2375.742815674407 1672.8100857301665 134.44937080745376 134.449370807454
