0 1477.901248581158 291.8257661748013 269.64018161180456 269.6401816118047
13 1476.1946651532348 511.97502837684453 136.52667423382513 136.5266742338252
2 1184.3688989784337 732.1242905788877 174.07150964812718 174.07150964812706
1 1800.4455164585697 730.4177071509648 184.31101021566406 184.31101021566406
3 979.5788876276958 1220.2071509648126 126.28717366628837 126.28717366628825
11 1923.3195232690125 1208.261066969353 143.3530079455163 143.3530079455163
4 875.477298524404 1638.3200908059023 102.3950056753689 102.3950056753688
12 2070.0856980703747 1611.0147559591373 95.56867196367739 95.56867196367762
6 1227.033484676504 1539.338251986379 238.92167990919393 238.92167990919393
5 1718.5295119182751 1539.3382519863785 245.74801362088533 245.74801362088533
