0 1313.3793103448277 238.34482758620692 208.55172413793116 208.55172413793105
13 1315.8620689655172 504.0 144.00000000000023 144.0
2 968.2758620689656 747.3103448275863 253.24137931034477 253.24137931034477
1 1611.3103448275863 680.2758620689655 258.2068965517242 258.2068965517242
3 782.0689655172414 1320.8275862068967 129.1034482758621 129.1034482758621
11 1765.241379310345 1286.0689655172414 188.68965517241395 188.68965517241372
12 1713.1034482758619 1785.103448275862 114.20689655172441 114.20689655172418
6 911.1724137931035 1782.6206896551723 218.48275862068965 218.48275862068976
5 1541.7931034482758 1777.6551724137933 238.3448275862072 238.34482758620743
4 780.5881170202076 1777.0257699138779 121.92124928789269 121.92124928789235
