0 1441.6617480136208 475.45970488081724 292.0681044267876 292.0681044267877
13 1431.473325766175 787.9046538024971 142.63791146424524 142.63791146424524
2 1064.6901248581153 1015.4460839954592 183.39160045402957 183.39160045402946
1 1828.8217934165718 1032.4267877412033 190.18388195232683 190.18388195232694
3 1020.5402951191825 1548.6401816118046 156.2224744608401 156.2224744608402
11 1857.688989784336 1557.1305334846772 173.2031782065833 173.2031782065833
4 1046.0113507377978 1913.7253121452895 125.6572077185017 125.65720771850192
12 1854.2928490351874 1910.3291713961419 125.65720771850147 125.65720771850147
6 1180.1589103291717 1932.404086265607 237.72985244040865 237.72985244040865
5 1752.4086265607252 1920.5175936435876 227.54143019296225 227.54143019296248
