0 1527.7710142608626 340.4389406216344 331.19129947811507 331.19129947811473
13 1546.9215315776241 634.4557064848586 175.73415890675483 175.73415890675471
2 1160.5316821864903 892.4244397518255 191.5051731676174 191.50517316761727
1 1881.4923341116378 872.1474214164309 200.5171813166819 200.51718131668179
3 1032.1105660623234 1647.1801222359645 186.99916909308513 186.99916909308513
11 2096.6540286705495 1666.3306395527268 193.75817520488363 193.75817520488363
4 1033.2370670809566 1947.9558942109873 175.73415890675506 175.73415890675506
12 2102.2865337637145 1980.624423751346 173.4811568694886 173.4811568694888
6 1216.856733118142 1874.7333279998388 205.02318539121416 205.02318539121393
5 1910.781360596097 1870.2273239253072 218.54119761481024 218.54119761481024
