0 1712.7990919409758 485.69353007945506 401.59818388195185 401.5981838819521
13 1747.123723041998 774.0204313280362 154.46083995459662 154.46083995459685
2 1479.3916004540295 1041.7525539160047 229.97502837684442 229.97502837684465
1 2061.194097616345 1057.1986379114642 212.8127128263336 212.8127128263335
3 1323.2145289443806 1699.0692395005674 164.75822928490356 164.75822928490334
11 2203.6413166855846 1628.7037457434733 133.86606129398433 133.86606129398433
4 1223.6730987514188 2176.1816118047673 123.56867196367762 123.56867196367784
12 2109.2485811577753 2014.8558456299656 102.97389330306441 102.97389330306464
6 1467.377979568672 2110.964812712826 240.27241770715113 240.27241770715113
5 2007.9909194097618 2092.0862656072645 229.97502837684465 229.97502837684465
