0 1536.841182913472 799.8860898138005 175.5443592552026 175.5443592552025
13 1564.9945235487403 1043.329682365827 92.74041621029596 92.74041621029596
2 1256.9638554216867 1291.7415115005476 172.2322015334064 172.23220153340662
1 1879.6495071193867 1251.9956188389929 165.60788608981375 165.60788608981397
3 1184.0963855421687 1934.3001095290253 165.60788608981397 165.60788608981375
11 1917.739320920044 1846.5279299014237 129.17415115005474 129.17415115005474
4 1086.3877327491784 2267.1719605695507 96.05257393209195 96.05257393209195
12 1864.7447973713035 2094.939759036144 82.80394304490665 82.80394304490665
6 1487.158817086528 2190.992332968237 162.29572836801754 162.29572836801754
5 1806.039965081033 2092.8990605993476 151.25293871261647 151.2529387126167
