0 1309.4846765039729 549.1940976163451 302.05675368898983 302.05675368898983
13 1350.6742338251984 847.8183881952327 212.8127128263336 212.81271282633372
2 976.5357548240631 998.8467650397279 295.1918274687855 295.1918274687855
1 1728.2451759364349 1040.0363223609538 295.1918274687853 295.1918274687855
3 839.2372304199764 1719.664018161182 254.00227014755956 254.00227014755978
11 1807.1918274687828 1826.0703745743494 254.00227014755978 254.00227014755978
4 846.1021566401791 2275.723041997734 164.75822928490345 164.75822928490334
12 1893.0034052213373 2522.8603859250893 164.75822928490334 164.7582292849038
6 1081.22587968218 2129.843359818386 250.5698070374574 250.5698070374574
5 1631.6015625 2172.0234375 245.109375 245.109375
