0 1174.3237082066871 376.4270516717325 128.6930091185411 128.693009118541
13 1140.5417933130698 506.72872340425533 119.04103343465044 119.0410334346505
2 897.8099419094806 647.054947344873 131.91033434650456 131.91033434650456
1 1359.9870451636154 656.2361598962855 128.69300911854089 128.693009118541
3 813.983282674772 949.1109422492401 115.823708206687 115.82370820668689
11 1412.405775075988 939.4589665653496 109.38905775075978 109.38905775075989
4 760.3284666726221 1192.4897600929644 90.08510638297889 90.08510638297889
12 1429.5321140890353 1164.6717325227964 90.08510638297867 90.08510638297844
6 981.4247572815532 1143.2827669902913 179.8422330097086 179.8422330097087
5 1300.002427184466 1158.6978155339807 133.5970873786407 133.5970873786407
