0 1326.3519781718965 552.818553888131 247.5306957708051 247.53069577080498
13 1328.4147339699864 806.5375170532061 152.64392905866316 152.64392905866305
2 950.9304229195088 1031.3778990450205 214.52660300136438 214.52660300136426
1 1650.2046384720327 1037.5661664392906 226.90313778990458 226.90313778990458
3 750.8431105047748 1578.0081855388812 169.14597544338324 169.14597544338335
11 1974.057298772169 1592.4474761255115 206.27557980900406 206.27557980900406
4 746.7175989085947 1833.7899045020463 103.13778990450203 103.13778990450214
12 2223.650750341064 1854.4174624829468 136.14188267394275 136.14188267394275
6 990.1227830832197 1887.4215552523872 202.15006821282395 202.15006821282395
5 1545.0040927694406 1897.7353342428373 272.28376534788504 272.2837653478848
