13 1531.296809497379 577.3107899706854 212.2649044711734 212.26490447117328
2 1103.1488487742738 1010.2829530681355 320.8094578939323 320.8094578939324
1 1934.1177077551736 1011.4890036617217 332.8699638297944 332.86996382979396
3 990.986143570756 1604.8658957061377 226.7375115942076 226.73751159420772
11 2058.3409188945534 1589.1872379895171 233.9738151557251 233.97381515572488
4 965.6590811054457 2057.1348683009674 171.25918428924194 171.25918428924183
12 2055.9288177073813 2110.2010944187605 176.0833866635869 176.08338666358713
6 1203.2510480419292 2019.7472998997946 270.15533296331137 270.1553329633116
5 1791.8037377120004 2029.3957046484843 299.10054720938047 299.10054720938024
0 1530.0907589037934 277.90373630966957 218.01447978582542 218.0144797858256
