0 960.4574672126171 493.7303688270672 158.36159949016383 158.36159949016377
13 969.421331334702 726.7908360012709 110.55432417237864 110.55432417237864
2 725.9030226847328 907.5620957966466 143.421825953356 143.421825953356
1 1189.0360023257786 907.5620957966469 143.42182595335635 143.42182595335623
3 615.3486985123542 1367.7071207303306 101.59046005029381 101.59046005029381
11 1326.4819188644112 1355.7553019008842 95.6145506355706 95.6145506355706
4 618.3366532197158 1606.7434973192574 77.68682239140117 77.68682239140117
12 1311.5421453276033 1630.64713497815 89.6386412208476 89.63864122084738
6 736.3608641604985 1581.3458823066835 134.4579618312713 134.45796183127118
5 1187.5420249720974 1593.2977011361304 128.48205241654819 128.48205241654819
