0 1772.8671963677639 346.6787741203178 302.05675368898983 302.0567536889898
13 1760.853575482406 622.9920544835414 154.46083995459708 154.46083995459708
2 1335.228149829738 935.3461975028375 298.6242905788879 298.6242905788879
1 2114.397275822929 973.1032917139617 278.0295119182747 278.0295119182747
3 1163.6049943246308 1566.9194097616346 188.78547105561847 188.7854710556187
11 2171.0329171396143 1596.0953461975037 109.83881952326874 109.83881952326897
4 1120.6992054483544 2049.1804767309877 130.43359818388194 130.4335981838817
6 1330.079455164585 1853.5300794551645 295.1918274687855 295.19182746878573
5 2001.125993189557 1886.1384790011348 264.2996594778658 264.2996594778658
10 1124.1316685584566 2697.916004540295 151.02837684449491 151.02837684449514
