0 1327.5900409276944 312.1678035470669 217.4652114597543 217.46521145975447
13 1308.2987721691675 587.506821282401 129.77762619372447 129.77762619372436
2 1031.2060027285129 790.9420190995908 178.88267394270133 178.88267394270133
1 1581.8840381991813 787.4345156889495 171.86766712141866 171.8676671214189
3 932.9959072305594 1380.2025920873125 192.9126875852661 192.91268758526599
11 1687.1091405184175 1376.6950886766708 115.74761255115959 115.74761255115959
4 940.0109140518418 1625.7278308321963 94.70259208731238 94.7025920873125
12 1678.3403819918144 1634.4965893587994 91.19508867667128 91.19508867667128
6 1099.6023192360162 1522.256480218281 182.39017735334232 182.39017735334232
5 1506.4727148703955 1546.8090040927693 189.40518417462476 189.405184174625
