0 2184.7864943006343 1433.2631604132657 235.58725200230992 235.58725200231015
13 2175.3630042205423 1701.8326276958992 188.46980160184785 188.46980160184808
2 1886.7686205177133 1886.768620517713 176.69043900173256 176.69043900173256
3 1765.441185736523 2439.2207264631297 169.62282144166352 169.62282144166375
11 2569.971651324412 2430.9751726430495 167.2669489216396 167.26694892164005
4 1739.526588016269 2809.0927121067566 117.79362600115519 117.79362600115473
12 2569.971651324412 2866.811588847324 134.28473364131696 134.2847336413165
6 1892.473042270029 2827.887190666336 148.41996876145527 148.41996876145504
5 2447.3206874567422 2810.6382791606447 160.7303631501145 160.73036315011404
1 2478.8599118957645 1907.545201613336 185.60240318032356 185.6024031803231
