0 1707.961800818554 389.86084583901766 259.90723055934495 259.907230559345
13 1699.7107776261937 695.148703956344 160.89495225102337 160.89495225102348
2 1534.6903137789905 930.3028649386085 235.15416098226478 235.15416098226478
1 1953.4297407912682 924.1145975443383 198.02455661664385 198.02455661664396
3 1377.9208731241474 1672.8949522510231 243.40518417462476 243.40518417462454
4 1250.0300136425649 2056.567530695771 127.89085948158254 127.89085948158277
12 1996.7476125511596 1813.162346521146 94.8867667121417 94.8867667121417
6 1592.4474761255117 1833.7899045020458 243.405184174625 243.40518417462476
5 1897.7353342428378 1796.660300136426 160.89495225102337 160.89495225102314
11 2070.1752820401134 1571.1004180456018 140.26739427012262 140.26739427012262
