0 1548.6401816118048 351.50056753689 315.84108967082875 315.84108967082886
13 1579.993588395263 711.8720439368759 121.24568902109627 121.2456890210965
2 1206.9946978650842 923.2100157722593 203.76011627156504 203.76011627156504
1 1938.8655111645573 876.7578620847698 180.29915148222835 180.29915148222824
3 1148.8705448016367 1652.51868490962 175.55443696953807 175.55443696953807
11 2012.4085861112558 1552.8796801431258 137.59672086801606 137.59672086801606
4 1148.8705448016367 2055.819418488288 109.12843379187507 109.12843379187484
12 2007.6638715985655 1894.499125056821 99.63900476649451 99.63900476649474
6 1307.9405876722785 2009.0114233967652 173.8072802930326 173.8072802930326
5 1923.7276250222053 1929.130166950356 152.0813702564035 152.0813702564035
