0 1431.5744680851062 310.2127659574468 234.38297872340422 234.38297872340428
13 1422.382978723404 581.3617021276596 215.99999999999977 216.00000000000006
2 974.2978723404254 882.3829787234042 229.7872340425531 229.7872340425531
1 1852.0851063829787 891.5744680851064 220.5957446808511 220.5957446808511
3 868.5957446808511 1590.127659574468 193.02127659574478 193.02127659574467
11 1971.5744680851064 1567.148936170213 202.21276595744666 202.21276595744712
4 845.6170212765959 2026.723404255319 165.44680851063845 165.44680851063845
12 2026.7234042553187 1917.0323723813685 165.446808510638 165.446808510638
6 1154.7817279547871 1853.3024925956784 266.09283169049934 266.0928316904997
5 1792.24759865681 1805.8685530334571 273.0343838215558 273.0343838215558
