0 1436.4858115777524 528.5993189557321 212.81271282633384 212.81271282633372
13 1394.4184008762322 809.8225629791895 129.17415115005474 129.17415115005474
2 965.4939759036147 1036.7053669222341 218.60240963855438 218.60240963855438
1 1735.570646221248 1018.4884994523549 248.41182913472062 248.41182913472062
3 882.6900328587078 1526.9047097480832 125.86199342825842 125.86199342825876
11 1856.4644030668128 1583.21139101862 139.1106243154436 139.1106243154436
4 938.9967141292443 1831.6232201533408 79.49178532311055 79.49178532311066
12 1836.591456736035 1834.9353778751365 99.36473165388838 99.36473165388838
6 1064.8587075575028 2040.289156626506 211.97809419496173 211.9780941949616
5 1619.6451259583787 2091.6276013143483 248.41182913472085 248.41182913472062
