0 1472.768426687842 302.63076038603106 286.1151660549881 286.115166054988
13 1467.877569148441 564.2916387440121 173.6254426487535 173.6254426487535
2 1163.421687320697 856.5203767232522 195.63430157606012 195.63430157606024
1 1832.2464558338534 843.0705184898978 193.18887280635954 193.18887280635954
3 1074.1635372266194 1434.8642807574806 139.38943987294294 139.38943987294306
11 1967.9677525522457 1432.584815990156 151.6165837214469 151.6165837214471
4 1135.299256469138 1870.150601764215 114.93515217593563 114.93515217593563
12 1956.9633230885916 1860.3688866854118 124.71686725473842 124.71686725473842
6 1239.2299791814203 1739.3201625852246 180.96172895785594 180.96172895785594
5 1835.9145989884041 1731.9838762761224 185.8525864972578 185.8525864972578
