0 884.1063829787233 377.4255319148937 148.21276595744678 148.21276595744678
13 923.7446808510638 561.8297872340426 144.76595744680856 144.7659574468085
2 648.0 782.4255319148936 137.8723404255319 137.8723404255319
1 1196.0425531914893 772.0851063829787 151.6595744680851 151.659574468085
3 403.27659574468095 1158.127659574468 124.08510638297889 124.08510638297889
4 608.3617021276597 1404.5744680851062 120.63829787234022 120.63829787234022
12 1304.6170212765958 1363.2127659574467 120.63829787234044 120.63829787234044
11 1471.222300264185 1075.487375588095 127.76147706670554 127.76147706670577
6 744.1972796879722 1480.2304651671138 146.76363717458776 146.76363717458798
5 1161.6719955165263 1454.9476537210717 147.99694505000457 147.99694505000457
