0 1090.4262356789166 361.65251697891256 161.96954972465164 161.96954972465176
13 1096.2108624547968 648.404730011842 123.95628805458023 123.95628805458045
1 1396.1850795468827 819.4644075271627 142.136543635919 142.136543635919
3 729.3002498132391 1258.269667240377 127.26178906936912 127.26178906936912
11 1482.128105931391 1262.4015435088622 132.22004059155256 132.22004059155256
4 698.7243654264428 1477.259109470137 92.55402841408693 92.55402841408682
12 1522.6204933625531 1456.599728127706 100.81778095105892 100.81778095105847
6 838.3817833012697 1509.4877443643275 147.09479515810187 147.094795158102
5 1387.0949517562135 1506.182243349538 153.70579718767954 153.70579718767954
2 787.1941747572816 803.7087378640776 154.13592233009706 154.13592233009706
