0 1574.520130576715 542.9379760609361 348.79651795429845 348.7965179542981
13 1579.4559303590863 916.4134929270953 180.97932535364544 180.9793253536452
2 1220.7878128400441 1248.7573449401534 259.9521218715995 259.9521218715995
1 1979.2557127312298 1233.9499455930354 243.49945593035864 243.49945593035886
3 975.6430903155606 1980.9009793253533 217.17519042437436 217.17519042437425
11 2142.13710554951 1985.8367791077253 194.14145810663763 194.1414581066374
4 1038.1632208922742 2336.2785636561475 151.3645266594126 151.3645266594126
12 2079.616974972797 2341.21436343852 161.23612622415658 161.23612622415658
6 1194.46354733406 2239.2078346028284 220.46572361262247 220.4657236126227
5 1992.4178454842224 2224.400435255713 223.75625680087023 223.75625680087023
