0 1603.4851485148513 322.6930693069306 266.13861386138615 266.13861386138615
13 1611.80198019802 617.1089108910891 229.54455445544568 229.5445544554455
2 1239.2079207920788 760.158415841584 269.46534653465346 269.46534653465335
1 1939.485148514851 791.7623762376236 232.87128712871254 232.87128712871277
3 1101.1485148514853 1417.188118811881 192.95049504950498 192.95049504950498
11 2159.0495049504943 1463.7623762376243 192.9504950495052 192.95049504950498
4 1044.5940594059402 1966.09900990099 153.02970297029674 153.02970297029674
12 1962.7722772277225 1906.2178217821784 153.02970297029697 153.0297029702972
6 1254.2393021882767 1852.7999757874695 253.84648760585264 253.84648760585264
5 1864.8700263110159 1859.7957451309376 235.85736643693394 235.85736643693394
