0 1391.031566295128 657.3410534342502 255.62541181033498 255.62541181033464
13 1362.3838908336252 1025.3534997474048 149.8493793370926 149.84937933709273
2 1030.97377656336 1183.8293629417894 155.91478161017972 155.91478161017972
1 1651.913459138786 1210.1173203062954 175.85736995566754 175.85736995566754
3 887.7497329912189 1711.4014728087923 141.41108099527912 141.411080995279
11 1688.1727106760366 1873.6616234379917 197.61292087801849 197.61292087801826
4 853.3034440308305 2162.829154447568 119.65553007292874 119.65553007292874
12 1791.5115775572024 2412.111508766169 114.21664234234095 114.21664234234095
6 1028.2543326980667 2116.598608737573 157.72774418704205 157.72774418704262
5 1435.2644312037105 2155.577304140118 177.6703325325302 177.67033253253067
