0 1340.7704820205533 449.61905243956977 249.01440978075698 249.0144097807571
13 1305.5118045294728 837.4645048414569 174.08972011221067 174.08972011221067
2 890.120510337679 970.7863791046054 198.3300608873286 198.3300608873286
3 753.4931350597412 1724.4406104764544 202.73739557371368 202.73739557371368
11 1741.8379384815955 1712.3204400888953 200.53372823052132 200.53372823052132
4 712.7252892106792 2349.1803022715394 165.27505073944042 165.2750507394403
12 1737.4306037952101 2366.8096410170797 165.27505073944053 165.2750507394403
6 922.0736868139711 2128.8135679522866 187.3117241713661 187.31172417136622
5 1572.1555530557719 2157.461243413788 196.12639354413614 196.12639354413614
1 1669.2928119343035 994.616615353001 202.73739557371346 202.73739557371357
