0 1444.8000000000002 385.60000000000014 208.00000000000045 208.00000000000017
13 1424.5035532994925 603.2649746192892 181.13299492385772 181.13299492385784
2 1163.5492385786802 867.2893401015228 230.25380710659897 230.25380710659886
1 1642.4771573604057 848.869035532995 217.97360406091343 217.97360406091354
6 1307.841624365482 1686.9928934010154 224.1137055837562 224.11370558375643
5 1754.5340101522843 1636.3370558375634 233.3238578680207 233.3238578680207
3 996.2314720812183 1501.2548223350252 141.22233502538063 141.22233502538074
11 1863.5208121827413 1472.0893401015228 125.87208121827439 125.87208121827439
4 948.6456852791878 1929.5269035532997 119.7319796954315 119.73197969543162
12 1869.6609137055839 1812.8649746192891 107.45177664974631 107.45177664974608
