0 1546.3246311010216 707.0874006810443 171.6231555051079 171.62315550510777
13 1527.7245434499105 1050.2896275769513 150.47589387959192 150.47589387959192
2 1177.8227661154374 1262.4062490698698 219.36847180036898 219.36847180036898
1 1826.8633686322316 1266.032174223595 215.74254664664386 215.74254664664386
11 1902.1013155720277 1741.9348506500155 141.411080995279 141.411080995279
12 1972.8068560696674 2051.951451293512 90.64812884312778 90.64812884312755
3 1116.1820385021106 1744.6542945153096 143.2240435721419 143.22404357214145
4 1055.447792177215 2039.2607132554745 94.2740539968529 94.27405399685267
6 1287.5070020156222 1999.3755365644981 195.7999583011558 195.79995830115558
5 1757.9707907114546 1991.2172049686174 197.61292087801849 197.61292087801849
