0 1683.310344827586 250.7586206896552 233.37931034482767 233.37931034482762
13 1683.310344827586 543.7241379310345 173.7931034482756 173.79310344827587
2 1300.965517241379 871.4482758620691 283.0344827586207 283.0344827586207
11 2209.655172413793 1561.655172413793 223.44827586206884 223.44827586206884
4 1129.6551724137933 2095.448275862069 158.89655172413813 158.89655172413813
12 2251.862068965517 1991.1724137931035 139.03448275862047 139.03448275862092
6 1405.2413793103447 1864.551724137931 253.24137931034488 253.24137931034466
5 2028.4137931034484 1837.2413793103447 228.41379310344814 228.41379310344814
3 1201.655172413793 1556.689655172414 243.31034482758628 243.31034482758628
1 2077.1650485436894 825.7281553398059 212.85436893203882 212.8543689320387
