0 1299.1872871736664 319.2190692395005 356.9761634506242 356.97616345062426
13 1303.3638610735939 634.1421444634918 139.07748330837535 139.07748330837558
2 803.9492619207904 967.0852105653616 164.36429845535304 164.36429845535292
1 1791.1886699506988 934.4230743338479 195.9728173890744 195.97281738907463
3 758.6437181157892 1682.4913557652626 107.46896437465364 107.46896437465375
6 957.7773873982363 2064.9544348632962 328.72859691070585 328.7285969107056
9 1670.0226807047652 2716.089924897962 118.00513735256095 118.00513735256118
11 1900.5701013139656 1668.6261563746614 93.94011402269825 93.94011402269825
5 1750.9766778729036 2028.517370708642 241.2847699213778 241.2847699213778
4 892.4404086265606 1793.4619750283769 133.866061293984 133.8660612939841
