0 1485.1841746248292 592.0109140518417 226.90313778990435 226.90313778990452
13 1487.2469304229194 845.7298772169167 140.26739427012262 140.26739427012262
2 1210.837653478854 1039.6289222373807 214.5266030013645 214.52660300136415
1 1792.5347885402457 1089.1350613915415 206.27557980900406 206.27557980900394
3 1062.319236016371 1650.2046384720327 206.27557980900417 206.27557980900428
11 1879.1705320600272 1679.0832196452934 123.76534788540243 123.76534788540243
4 983.9345156889495 2062.755798090041 115.51432469304223 115.514324693042
12 1848.2291950886765 2023.5634379263304 86.63574351978173 86.63574351978195
6 1287.1596180081851 1928.676671214188 251.65620736698497 251.65620736698475
5 1740.5102849044356 1874.5393448919829 210.4010914051844 210.40109140518462
