0 1124.8252427184466 379.8349514563107 308.27184466019423 308.2718446601942
13 1156.0194174757282 789.0291262135923 187.1650485436894 187.1650485436894
2 867.9320388349515 1066.106796116505 154.13592233009706 154.13592233009717
1 1526.6796116504852 1049.5922330097087 194.504854368932 194.5048543689319
3 743.1553398058252 1708.3398058252428 161.47572815533977 161.47572815533954
11 1704.6699029126214 1855.1359223300972 183.49514563106777 183.49514563106777
4 855.0873786407767 2080.834951456311 128.44660194174753 128.44660194174776
12 1867.9805825242715 2253.3203883495153 143.12621359223272 143.12621359223294
6 970.6893203883496 2093.6796116504865 176.1553398058254 176.1553398058254
5 1356.0291262135922 2112.029126213592 205.51456310679623 205.514563106796
