0 1595.2236095346195 385.96140749148697 190.47446083995465 190.4744608399546
13 1572.6674233825197 531.3234960272418 80.19977298524395 80.19977298524407
2 1284.4494892167984 659.1418842224741 140.3496027241772 140.3496027241771
1 1813.2667423382522 746.8603859250852 140.34960272417698 140.3496027241771
3 1223.0465380249716 986.206583427923 87.71850170261064 87.71850170261064
4 1208.0090805902385 1199.2372304199775 72.68104426787704 72.68104426787727
12 1726.8013620885354 1296.980703745743 77.69353007945506 77.69353007945506
6 1299.486946651532 1117.7843359818391 175.43700340522128 175.43700340522128
5 1671.6640181611801 1176.6810442678775 172.9307604994326 172.9307604994326
11 1749.2816155986548 1126.996595475595 92.73098751418843 92.73098751418866
