0 1529.1623155505104 329.5164585698071 322.6515323496028 322.65153234960286
13 1499.9863791146424 619.5595913734392 154.46083995459685 154.46083995459696
2 1196.2133938706015 909.6027241770717 233.40749148694658 233.4074914869467
1 1844.9489216799093 926.7650397275822 247.13734392735523 247.13734392735523
3 1048.6174801362085 1482.8240635641318 144.16345062429048 144.1634506242906
11 1920.4631101021569 1551.4733257661737 151.02837684449491 151.02837684449491
4 993.6980703745743 1887.854710556186 102.97389330306464 102.97389330306464
12 2002.8422247446083 1925.6118047673099 109.8388195232692 109.83881952326897
6 1218.5244040862656 1838.083995459705 243.70488081725307 243.70488081725352
5 1755.704880817253 1832.935300794552 233.4074914869468 233.40749148694658
