0 1667.1999999999998 377.5999999999999 294.39999999999986 294.3999999999998
13 1631.9529872673845 826.3428011753185 183.63173359451503 183.63173359451525
3 949.2575905974536 1831.8746327130268 192.51714005876602 192.51714005876602
4 904.8305582761999 2139.902056807052 115.51028403525947 115.5102840352597
12 2045.124387855044 2216.9089128305586 127.35749265426034 127.35749265426057
11 2052.5288932419194 1877.7825661116553 183.63173359451503 183.63173359451525
6 1125.4848188050933 2307.243878550441 213.249755142018 213.24975514201788
5 1772.6385896180216 2317.610186092067 204.36434867776688 204.36434867776688
2 1092.3890313578186 1089.104334447687 218.2030133655187 218.2030133655187
1 2052.984106492827 1200.8846949192741 221.92295033182654 221.92295033182654
