0 1524.5856980703747 757.8660612939841 361.22587968217954 361.2258796821794
13 1515.7321225879684 1053.5754824063563 159.36435868331455 159.36435868331444
2 1069.5119182746873 1248.3541430192963 251.4415437003404 251.4415437003404
1 1944.2451759364362 1262.5198637911462 244.35868331441566 244.35868331441543
3 1037.6390465380252 1776.0272417707151 131.03291713961426 131.03291713961403
11 1954.8694665153237 1800.8172531214527 152.28149829738913 152.28149829738913
4 1069.5119182746878 1995.595913734393 102.70147559591385 102.70147559591373
12 1922.9965947786607 2023.9273552780935 95.61861520998855 95.61861520998855
5 1799.046538024971 1999.137343927356 251.4415437003404 251.4415437003404
6 1192.1684945675947 2005.534907016286 254.9829738933031 254.98297389330287
