0 1007.6070941336969 316.2892223738062 138.56480218281035 138.56480218281033
13 1006.1009549795363 495.51978171896315 99.40518417462488 99.40518417462482
2 811.8090040927693 635.5907230559346 138.56480218281035 138.56480218281047
1 1167.257844474761 635.5907230559345 126.51568894952266 126.51568894952266
11 1254.6139154160983 1084.4201909959068 132.54024556616628 132.5402455661664
12 1302.8103683492495 1322.3901773533426 114.46657571623473 114.46657571623496
6 832.8949522510231 1210.93587994543 132.5402455661664 132.5402455661665
5 1135.6289222373807 1224.4911323328786 147.60163710777624 147.60163710777624
3 760.148873653281 980.7326150832519 88.66601371204717 88.66601371204717
4 761.2301665034281 1273.7629774730658 73.52791380999031 73.5279138099902
