0 1539.310344827586 504.0 183.72413793103442 183.7241379310346
13 1536.8275862068963 734.8965517241379 158.8965517241379 158.8965517241379
2 1209.103448275862 1008.0 248.27586206896558 248.27586206896547
1 1847.1724137931037 1025.3793103448274 253.24137931034488 253.24137931034488
3 1075.0344827586205 1638.6206896551726 148.96551724137908 148.9655172413793
11 1961.3793103448274 1616.2758620689656 153.93103448275838 153.9310344827586
4 1092.413793103448 1909.2413793103447 134.06896551724117 134.06896551724117
12 1943.9999999999998 1891.8620689655172 129.10344827586187 129.10344827586187
6 1265.4044609014682 1803.8273742713754 201.78273480480243 201.78273480480243
5 1790.8010156762343 1807.6345956827872 201.7827348048022 201.7827348048022
