0 1724.6765039727582 394.8694665153235 343.5187287173667 343.51872871736657
2 1262.5198637911471 1097.843359818388 233.734392735528 233.73439273552776
1 2069.9659477866076 1051.8047673098752 233.734392735528 233.73439273552788
3 1145.6526674233835 1710.5107832009076 233.73439273552776 233.734392735528
4 1086.8089603265032 2077.2427617425374 138.50368466555165 138.50368466555165
6 1298.6685076482613 2081.0225490514804 220.6050451326696 220.6050451326696
5 1926.3218696286299 2091.8629949733604 191.841292902983 191.8412929029828
12 2031.5166774747609 2010.5625817526923 123.30159072470929 123.30159072470951
11 2115.2457087878674 1691.57044985214 162.9057888762768 162.9057888762768
13 1686.0645345358744 781.65683458015 183.82258421131064 183.82258421131098
