0 1460.713567839196 556.0382685069009 208.9447236180904 208.75156838143033
1 1770.331658291458 1047.5533249686328 250.73366834170884 250.50188205771667
2 1209.9798994974874 1060.8375156838144 269.7286432160804 269.47929736511924
11 1958.3819095477388 1580.8186951066502 140.56281407035203 140.43287327478038
3 1046.6231155778894 1569.4322459222085 148.1608040201004 148.0238393977413
6 1283.7176470588236 1888.7732615083257 180.84705882352955 180.72967678746363
5 1765.4823529411765 1860.6268364348675 171.9529411764704 171.84133202742396
13 1497.1764705882351 754.0279138099903 127.48235294117671 127.39960822722833
4 1116.2117647058822 1899.1429970617041 118.5882352941178 118.51126346718888
12 1918.164705882353 1844.3315377081292 109.69411764705865 109.62291870714989
