0 1590.1782178217827 326.019801980198 239.5247524752474 239.52475247524748
13 1561.9009900990088 723.5643564356437 249.50495049504934 249.50495049504946
2 1166.0198019801983 953.1089108910893 229.54455445544568 229.54455445544568
1 1962.7722772277225 931.4851485148511 232.87128712871345 232.8712871287131
3 1051.247524752476 1679.9999999999998 212.910891089109 212.9108910891091
11 2110.811881188119 1641.7425742574255 216.23762376237596 216.23762376237642
4 1026.2970297029701 2107.485148514852 176.3168316831684 176.3168316831684
12 2100.8316831683173 2104.1584158415844 176.31683168316795 176.31683168316818
6 1319.482859941234 2110.2840352595504 222.13516160626818 222.13516160626796
5 1885.187071498531 2119.1694417238004 210.28795298726754 210.28795298726754
