0 1403.8774120317821 499.42338251986394 250.56980703745762 250.56980703745768
13 1424.472190692395 732.8308740068105 168.19069239500573 168.19069239500584
2 1064.0635641316683 969.6708286038594 229.97502837684453 229.97502837684465
1 1784.88081725312 1034.8876276958003 229.97502837684488 229.97502837684465
3 935.3461975028365 1499.9863791146422 205.94778660612928 205.9477866061295
11 1872.4086265607248 1541.1759364358677 205.9477866061295 205.9477866061295
4 902.7377979568654 1848.3813847900085 140.73098751418843 140.73098751418866
12 1918.746878547103 1917.0306469920513 140.73098751418866 140.73098751418866
6 1093.2395005675335 1877.5573212258764 233.40749148694658 233.40749148694658
5 1738.5425652667395 1887.8547105561825 233.4074914869468 233.40749148694658
