0 1456.186956645967 634.4771386382107 253.1802238588557 253.1802238588557
13 1492.3555600543752 982.8378977823502 165.61413139639444 165.61413139639444
2 1128.76591526459 1138.9339756502159 218.91523115615348 218.91523115615337
1 1878.7885333126274 1167.4881362358014 226.52967397897623 226.529673978976
3 1048.8142656249515 1664.3305304249848 161.80690998498324 161.80690998498335
11 1984.4389274792943 1631.0173430751345 159.90329927927746 159.90329927927723
4 1097.356338620446 1956.5347737508073 106.60219951951808 106.60219951951808
12 1942.5594919537693 1945.1131095165733 106.60219951951831 106.60219951951831
6 1255.3560271940187 1969.860048690745 190.36107057056847 190.36107057056824
5 1795.0296622615797 1959.390189809365 184.65023845345127 184.6502384534515
