0 1325.3333333333335 566.7878787878788 244.3636363636365 244.36363636363626
13 1355.878787878788 807.757575757576 156.121212121212 156.12121212121212
2 1070.7878787878785 1092.8484848484848 210.42424242424238 210.4242424242425
1 1647.7575757575758 1120.0 264.7272727272725 264.72727272727263
3 1005.7692495726757 1661.9627415695936 156.12121212121224 156.121212121212
11 1794.764531157679 1665.356680963533 162.90909090909076 162.90909090909076
12 1869.4790115772971 1998.1818181818167 133.52682533025109 133.52682533025109
4 1026.6666666666665 1958.30303030303 135.75757575757575 135.75757575757575
5 1684.497151902936 2016.6850514370863 217.08084265792786 217.08084265792786
6 1198.2821243936992 2001.1134096761225 188.13673030353766 188.13673030353766
