0 1525.6926902877972 416.5847769761349 265.63819158328715 265.63819158328715
13 1527.061959316578 754.7942270847532 169.7893595686994 169.78935956869907
2 1162.8363976611427 1017.6938806104811 213.6059684896536 213.6059684896535
1 1841.9938359359394 1004.0011903226821 186.2205879140572 186.22058791405698
3 1091.6344081645914 1639.342019676524 169.78935956869918 169.78935956869918
11 1967.9665865836837 1644.8190957916436 180.7435117989378 180.74351179893802
4 1093.0036771933712 2029.5836928787758 134.18836482042343 134.1883648204232
12 1970.705124641243 2014.521733562197 136.92690287798246 136.92690287798246
6 1246.3618084167126 1985.7670839578204 183.48204985649727 183.48204985649704
5 1839.2552978783785 1973.4436626988022 191.6976640291764 191.69766402917662
