0 1683.3272379237728 419.41010511282275 291.70252545200924 291.7025254520092
13 1614.7704231862044 707.0798767567403 219.11295690634824 219.11295690634836
2 1192.665208456641 760.9880948111361 246.61990266869816 246.61990266869827
1 1951.32553684555 850.5675213410218 228.92520113193086 228.92520113193052
11 2018.2336270314534 1635.216942612059 247.72582151474626 247.72582151474626
4 899.0437548309044 2204.7651483267664 185.79436613605935 185.79436613605912
12 2008.774145823069 2150.732880129937 191.06685602815628 191.0668560281565
6 1132.7121607011932 1978.2577186881272 217.67160217865842 217.67160217865808
5 1753.2471731948028 2013.0167965229386 177.78413581084124 177.78413581084124
3 1014.2475810902756 1591.3330425346594 294.1744130487609 294.17441304876115
