13 1626.7377993432399 751.9787888505116 148.84323470029676 148.84323470029688
2 1269.2700307597393 1104.566451378264 239.12519673162478 239.12519673162456
11 2183.0698896984486 1967.1251967316239 222.0448255365086 222.04482553650882
4 1148.487405879991 2191.6100752960065 100.04217414282243 100.04217414282266
3 1202.1685724932127 1791.4413787247163 95.16206808707534 95.16206808707534
12 2460.0159083621147 2695.4810255519287 161.0434998396654 161.0434998396654
6 1242.4294474531284 2095.2279806949946 204.96445434139218 204.96445434139196
0 1699.6880644826083 369.7335014430096 265.9657800382354 265.9657800382355
1 2022.8632077126967 1050.0921343884406 283.04615123335134 283.0461512333511
5 1849.9072930371517 2220.010226299263 242.66318486034743 242.66318486034743
