13 1995.3716814159297 689.0973451327434 244.194690265487 244.19469026548666
2 1500.2920353982304 1080.477876106195 377.9999999999998 378.0000000000001
1 2472.0530973451328 1062.0796460176994 408.1061946902655 408.10619469026574
11 2512.194690265487 1938.504424778761 334.5132743362833 334.51327433628353
4 1399.9380530973453 2097.3982300884954 210.74336283185835 210.74336283185835
12 2590.805309734513 2375.0442477876104 257.5752212389375 257.5752212389375
0 2008.1205829054159 345.6893609199924 271.9613523434241 271.96135234342415
3 1428.2137740449373 1690.1750649149558 163.1510455223647 163.15104552236494
6 1487.527696063797 2311.647840448562 234.57966885770406 234.57966885770384
5 2312.0388349514565 2396.4466019417478 315.61165048543717 315.6116504854367
