0 1536.7536889897847 431.3098751418843 271.69125993189573 271.69125993189573
13 1550.338251986379 628.2860385925085 115.46878547105575 115.46878547105564
2 1270.1566401816117 894.883087400681 179.9954597048809 179.99545970488077
1 1777.8796821793421 889.788876276958 176.5993189557321 176.5993189557322
3 1151.291713961408 1438.2656072644722 132.44948921679907 132.44948921679884
11 1845.8024971623158 1385.6254256526672 108.67650397275816 108.67650397275816
4 1079.9727582292849 1726.937570942111 84.90351872871724 84.90351872871747
6 1327.8910329171395 1652.2224744608393 179.99545970488066 179.99545970488066
5 1749.0124858115778 1642.034052213394 173.2031782065833 173.2031782065833
12 1811.8410896708288 1572.4131668558457 88.29965947786627 88.29965947786627
