0 1518.6607929515417 529.0572687224669 239.78854625550662 239.78854625550662
13 1492.0176211453743 806.9074889867842 201.72687224669608 201.72687224669608
2 1158.9779735682823 987.7004405286344 197.92070484581495 197.92070484581495
1 1733.7092511013216 1048.5991189427314 197.92070484581518 197.92070484581495
3 1001.0220264317179 1602.396475770925 239.78854625550673 239.78854625550662
11 1859.3127753303972 1684.229074889868 228.37004405286325 228.37004405286325
4 942.0264317180615 2007.7533039647574 197.92070484581473 197.9207048458145
12 1954.466960352423 2156.1938325991196 228.37004405286348 228.37004405286325
6 1166.5903083700437 1969.6916299559475 220.75770925110123 220.757709251101
5 1653.7797356828191 1939.2422907488992 235.98237885462572 235.98237885462595
