0 1469.094211123723 447.9364358683314 250.5698070374574 250.5698070374574
13 1457.0805902383654 631.5732122587967 171.62315550510766 171.62315550510777
2 1072.6447219069241 875.2780930760498 233.40749148694658 233.40749148694647
1 1820.9216799091948 933.6299659477861 233.40749148694658 233.40749148694647
3 940.4948921679925 1395.2962542565263 216.24517593643588 216.24517593643577
11 1980.5312145289463 1453.6481271282628 216.245175936436 216.24517593643554
4 969.6708286038615 1805.4755959137342 164.75822928490334 164.75822928490334
12 1910.1657207718526 1791.745743473325 164.75822928490356 164.75822928490356
6 1105.2531214528965 1714.5153234960271 243.70488081725307 243.70488081725307
5 1781.4483541430216 1728.245175936435 243.70488081725307 243.70488081725307
