0 1278.744884038199 387.1268758526603 248.74215552523856 248.74215552523873
13 1280.4965893587996 700.682128240109 154.15006821282373 154.15006821282384
2 966.9413369713506 968.6930422919511 276.76944065484327 276.76944065484315
1 1587.0450204638473 965.1896316507505 248.7421555252388 248.7421555252389
3 800.5293315143248 1534.493860845839 182.17735334242843 182.17735334242843
11 1758.7121418826741 1616.824010914052 185.68076398362905 185.68076398362905
4 811.0395634379263 1818.270122783083 119.11596180081858 119.11596180081847
12 1709.6643929058662 1830.5320600272853 115.61255115961785 115.61255115961808
6 1026.4993178717598 1897.0968622100954 262.7557980900409 262.7557980900408
5 1501.2114597544337 1905.8553888130969 273.2660300136429 273.26603001364265
