0 1594.379114642452 405.0306469920546 233.4074914869468 233.40749148694687
13 1594.379114642452 703.6549375709421 171.6231555051079 171.623155505108
2 1287.1736662883086 1017.7253121452895 223.11010215664032 223.1101021566402
1 1966.8013620885354 1024.5902383654939 223.1101021566401 223.11010215664032
3 1156.7400681044269 1632.1362088535752 223.11010215664032 223.11010215664032
11 2100.6674233825197 1608.10896708286 223.1101021566401 223.11010215664032
6 1359.2553916004554 2013.1396140749157 229.97502837684465 229.9750283768442
5 1997.6935300794564 2026.8694665153255 229.97502837684488 229.97502837684488
4 1123.2293781461635 2079.5312704745315 118.74893734467355 118.7489373446731
12 2212.4662095984327 2011.0636630754166 118.47208619000958 118.47208619000958
