0 1251.9849435382685 488.030112923463 210.22835633626096 210.22835633626102
13 1248.2308657465496 705.7666248431617 120.13048933500636 120.13048933500636
2 966.6750313676284 934.7653701380177 247.76913425345037 247.7691342534505
1 1467.8444165621077 891.5934755332496 206.47427854454213 206.47427854454202
3 833.405269761606 1480.9836888331242 153.91718946047683 153.91718946047695
11 1627.392722710164 1377.7465495608535 135.14680050188213 135.14680050188213
6 1019.2321204516936 1805.711417816813 217.73651191969873 217.73651191969861
5 1501.6311166875785 1747.5232120451697 176.44165621079037 176.44165621079037
4 812.7578419071517 1850.7603513174404 120.13048933500625 120.13048933500613
12 1574.8356336260981 1704.3513174404015 90.09786700125483 90.09786700125483
