0 1333.5119182746878 432.4903518728717 336.38138479001145 336.38138479001134
13 1330.3398058252426 750.495145631068 150.46601941747576 150.46601941747565
2 917.4757281553398 928.485436893204 264.2330097087379 264.233009708738
1 1816.6019417475732 968.8543689320388 264.2330097087381 264.2330097087379
3 785.3592233009708 1856.9708737864078 227.53398058252412 227.53398058252424
11 1946.883495145631 1884.4951456310682 216.52427184466046 216.52427184466023
4 801.8737864077668 2490.029126213592 150.46601941747542 150.46601941747576
12 2040.4660194174762 2502.8737864077666 168.81553398058236 168.81553398058213
6 1086.2912621359224 2172.5825242718442 271.57281553398036 271.5728155339805
5 1682.6504854368932 2185.4271844660175 289.92233009708707 289.92233009708684
