0 1751.5636363636365 732.4363636363635 267.0545454545454 267.0545454545454
13 1714.2545454545457 997.5272727272725 192.4363636363637 192.43636363636358
2 1429.5272727272725 1368.6545454545453 267.0545454545454 267.0545454545454
1 2073.5999999999995 1274.4 243.4909090909091 243.49090909090933
3 1307.7818181818177 2063.7818181818193 243.4909090909091 243.49090909090887
4 1254.763636363636 2442.7636363636384 161.0181818181818 161.01818181818226
11 2201.2363636363643 1849.7454545454566 208.14545454545487 208.14545454545487
12 2214.9818181818187 2118.7636363636393 133.52727272727316 133.5272727272727
6 1525.7454545454545 2297.454545454548 239.5636363636363 239.56363636363676
5 2059.854545454545 2191.418181818184 239.56363636363653 239.5636363636363
