0 1585.3146685119623 366.5312789231337 238.3266231662733 238.32662316627318
13 1565.6469374739686 784.1813321417001 185.1080568281734 185.1080568281734
2 1107.5044968242394 990.1140453630428 198.99116109028625 198.99116109028637
1 2001.8077963753522 1069.9418948701923 196.67731037993394 196.67731037993394
3 1017.2643191205051 1723.60472054468 157.34184830394747 157.3418483039477
11 2071.223317685917 1782.60791365866 178.16650469711703 178.1665046971168
4 914.2979625098332 2053.3284467698636 122.63408764866472 122.63408764866472
12 2184.6020024931736 2141.2547737632467 136.5171919107779 136.5171919107779
6 1124.858377151881 1995.48217901106 178.16650469711703 178.1665046971168
5 1861.8198283990455 1992.011402945532 185.1080568281734 185.10805682817363
