0 1470.20865279299 325.66922234392115 237.98904709748058 237.9890470974809
13 1463.9457831325299 582.446878422782 144.04600219058057 144.0460021905805
2 1063.122124863089 892.458926615553 269.3033953997808 269.3033953997808
1 1809.969331872947 875.2360350492881 266.17196056955095 266.17196056955083
3 906.5503833515882 1399.751369112815 144.04600219058045 144.04600219058057
11 1925.8324205914566 1341.8198247535595 140.9145673603507 140.9145673603507
4 831.3959474260681 1794.3121577217967 100.20591456736042 100.20591456736042
12 1935.226725082147 1748.9063526834611 109.60021905805047 109.6002190580507
6 1182.1166484118291 1694.1062431544365 244.25191675794122 244.251916757941
5 1761.432092004382 1681.5805038335166 244.25191675794076 244.251916757941
