0 1202.313253012048 892.6265060240963 135.7984665936474 135.7984665936474
13 1197.3450164293538 1083.0755750273825 86.11610076670331 86.11610076670331
2 990.3351588170859 1220.530120481928 149.04709748083246 149.04709748083246
1 1401.042716319825 1207.2814895947427 168.92004381160996 168.92004381160973
3 902.5629791894852 1675.9518072289156 112.61336254107346 112.61336254107346
11 1520.2803943044905 1601.4282584884993 96.05257393209217 96.05257393209195
4 897.5947426067908 1939.2683461117197 82.80394304490676 82.80394304490665
12 1490.4709748083242 1856.4644030668128 62.93099671412915 62.93099671412915
6 1119.509309967141 1846.5279299014237 155.6714129244251 155.6714129244251
5 1429.1960569550934 1848.1840087623218 152.35925520262867 152.35925520262867
