0 1157.945701357466 458.3891402714931 266.82352941176464 266.82352941176475
13 1154.524886877828 704.6877828054298 150.5158371040725 150.51583710407226
2 897.9638009049773 974.9321266968326 266.82352941176464 266.82352941176464
1 1438.4524886877825 961.2488687782806 225.7737556561085 225.7737556561085
3 767.972850678733 1597.5203619909503 198.40723981900453 198.40723981900464
4 699.5565610859729 2073.0135746606334 164.19909502262453 164.1990950226243
12 1517.1312217194572 1850.660633484163 129.99095022624488 129.99095022624465
6 1041.6380090497737 1936.1809954751134 273.6651583710408 273.66515837104066
5 1482.9230769230771 1891.7104072398192 225.77375565610873 225.77375565610873
11 1573.4490185737527 1558.055353415381 140.50467778462257 140.50467778462212
