0 2262.195689755251 613.0122481493345 229.16044524786048 229.16044524786054
13 2248.5144691434384 862.6945243149135 147.0731215769847 147.07312157698493
2 1867.1504445891633 1192.7539715748908 212.05891948309454 212.05891948309431
1 2619.6175782388536 1155.1306148924068 212.058919483095 212.05891948309431
3 1771.3819003064757 1846.0322557889406 205.21830917718853 205.21830917718853
11 2718.8064276744944 1818.669814565315 184.69647825946913 184.69647825946936
4 1764.541290000569 2280.4110102139894 129.97159581221877 129.97159581221877
12 2718.806427674495 2297.5125359787553 129.97159581221968 129.97159581222013
6 1877.4113600480227 2157.280024707676 184.6964782594696 184.6964782594696
5 2612.7769679329476 2160.7003298606287 184.69647825946913 184.69647825946913
