0 1631.039636696795 381.8733350682338 288.7451726594086 288.7451726594086
13 1634.2658397432688 699.654335145907 246.80453305524884 246.80453305524873
2 1155.7125330014974 981.1129306275693 232.24295767007447 232.24295767007436
1 2071.6608885245614 1000.7249164145086 221.2554192806051 221.25541928060534
3 1059.3886852873884 1690.8584003882097 209.79140791891587 209.79140791891587
11 2199.8611784571794 1693.5894742535295 219.84757778166886 219.84757778166886
4 1143.3265490268768 1952.2586803665245 140.46154992331003 140.4615499233098
12 2138.1375252804246 1938.7881943478578 134.37206370426475 134.37206370426452
6 1262.713558013091 2130.3185239561744 224.6219572369787 224.62195723697846
5 2037.8553180599715 2094.0366569567295 220.11059949525793 220.11059949525793
