0 1130.390177353342 249.59345156889486 251.65620736698497 251.65620736698486
13 1130.3901773533426 637.3915416098226 160.89495225102314 160.89495225102314
2 816.8512960436564 926.1773533424281 301.162346521146 301.16234652114576
1 1481.0586630286493 876.6712141882674 268.1582537517054 268.1582537517055
3 703.399727148704 1679.0832196452932 189.77353342428376 189.77353342428387
11 1681.145975443383 1613.0750341064117 206.27557980900428 206.27557980900406
4 719.9017735334243 2017.3751705320599 173.27148703956345 173.27148703956345
12 1687.3342428376532 1887.4215552523874 160.89495225102314 160.89495225102314
6 1014.8758526603001 1895.6725784447472 276.40927694406537 276.40927694406514
5 1507.8744884038197 1872.9822646657576 231.02864938608423 231.02864938608445
