0 1593.1478641840088 273.25301204819266 155.67141292442466 155.67141292442471
13 1558.3702081051479 553.1303395399781 125.8619934282583 125.86199342825847
2 1155.9430449069002 740.2672508214677 182.16867469879526 182.16867469879526
1 1965.76560788609 784.9813800657175 198.72946330777654 198.72946330777665
3 1005.2398685651698 1354.6725082146768 132.48630887185095 132.48630887185095
11 2119.780941949616 1379.513691128149 129.1741511500545 129.17415115005497
4 1127.7897042716318 1606.3964950711936 99.36473165388838 99.36473165388816
12 2000.543263964951 1608.052573932092 102.67688937568482 102.6768893756846
6 1205.6254107338445 1674.2957283680175 208.6659364731654 208.66593647316563
5 1877.9934282584884 1697.480832420592 241.78751369112842 241.7875136911282
