0 1412.5329879914018 334.12589590625566 215.10800974474205 215.1080097447421
13 1417.2920147556665 624.4265285263723 133.25274939939777 133.25274939939789
2 1007.0639076760915 869.0405042095524 157.99968857357135 157.99968857357146
3 990.8832166775935 1427.75024633417 140.86719222222052 140.86719222222064
11 1920.7970464148189 1421.0876088642003 161.8069099849829 161.8069099849829
4 1024.1964040274424 1919.8336137590886 100.89136740240087 100.89136740240087
12 2073.085902871274 1942.6769422275574 93.27692457957801 93.27692457957801
6 1155.545542721135 1731.3761538942254 173.22857421921708 173.22857421921708
5 1788.4961023682724 1730.424348541375 182.7466277477456 182.7466277477456
1 1763.2968309268313 835.7888133612045 214.49989933933762 214.4998993393374
