0 1555.0580503833517 311.34282584885005 158.98357064622132 158.9835706462213
13 1553.4019715224536 640.9025191675796 129.17415115005474 129.17415115005485
2 1114.541073384447 897.5947426067909 178.85651697699882 178.85651697699882
1 1977.3581599123768 856.1927710843372 162.295728368018 162.29572836801788
3 987.02300109529 1604.7404162102957 162.29572836801754 162.29572836801754
11 2134.6856516976995 1626.2694414019716 158.98357064622132 158.9835706462211
4 1003.5837897042716 2091.6276013143483 129.17415115005463 129.17415115005474
12 2149.5903614457834 2081.69112814896 115.92552026287012 115.92552026286967
6 1150.974808324206 1887.9299014238773 218.6024096385545 218.60240963855426
5 1947.5487404162104 1869.7130339539985 235.16319824753555 235.16319824753577
