0 1406.8634220674155 431.0762958916373 322.22250753666594 322.222507536666
13 1406.8634220674153 701.743202222437 193.33350452199943 193.33350452199977
2 1094.3075897568494 969.1878834778702 264.2224561800663 264.2224561800664
1 1741.9748299055486 985.2990088547033 270.66690633079975 270.6669063307995
3 910.6407604609498 1597.5217731743692 167.55570391906667 167.55570391906667
11 1893.4194084477817 1626.5217988526692 186.8890543712664 186.88905437126618
4 949.3074613653496 1958.4109816154355 167.55570391906667 167.55570391906667
12 1880.5305081463148 2000.299907595202 135.3334531653993 135.3334531653993
6 1110.4187151336828 2029.2999332735021 296.4447069337335 296.4447069337332
5 1706.5303540765153 2038.966608499602 277.111356481533 277.1113564815332
