0 1416.9669621273165 324.0870265914585 190.0660757453668 190.06607574536667
13 1440.116035455278 456.8896051571313 90.15954875100715 90.1595487510071
2 1212.2804190169218 589.6921837228042 141.33118452860595 141.33118452860583
1 1685.0088638195002 657.9210314262693 126.71071716357801 126.7107171635779
3 1150.143432715552 936.928283642224 129.14746172441596 129.14746172441573
4 1145.2699435938757 1239.0846091861404 99.90652699435918 99.90652699435918
11 1811.7195809830782 977.1345688960516 102.34327155519759 102.34327155519759
12 1920.1547139403708 1261.0153102336826 85.28605962933125 85.28605962933102
6 1349.956486704271 1109.9371474617246 163.2618855761482 163.2618855761482
5 1811.719580983078 1101.4085414987912 160.82514101531024 160.82514101531012
7 1549.7695406929895 1794.662369057212 163.26188557614842 163.2618855761482
8 1870.201450443191 1752.0193392425463 151.07816277195798 151.07816277195798
10 1613.1248992747785 2428.2159548751006 134.02095084609164 134.02095084609164
9 2093.1635777598713 2413.5954875100724 158.38839645447229 158.38839645447206
