0 1528.0406661491002 288.309761850021 169.88283893524363 169.88283893524368
13 1504.7234137462233 604.7581873176318 123.24833412949033 123.24833412949044
2 1198.268096451274 864.578999806828 176.5449110503514 176.5449110503513
1 1826.168393300165 879.5686620658201 166.55180287768985 166.55180287768985
3 1065.0266541491221 1480.8206704542804 109.92418989927546 109.92418989927523
11 1949.4167274296556 1482.4861884830575 119.91729807193678 119.91729807193678
4 1040.0438837174686 1768.955289432684 99.93108172661414 99.93108172661391
12 1966.0719077174247 1775.6173615477917 93.26900961150614 93.26900961150614
6 1221.5853488541502 1773.9518435190146 156.55869470502853 156.5586947050283
5 1771.2062983505275 1770.620807461461 156.55869470502876 156.55869470502898
