0 1503.253333333333 670.9333333333334 246.61333333333346 246.61333333333334
13 1497.813333333333 959.2533333333333 155.9466666666665 155.94666666666672
2 1227.6266666666666 1204.0533333333333 195.83999999999992 195.83999999999992
1 1782.506666666668 1204.0533333333333 195.83999999999992 195.84000000000015
3 1120.6399999999999 1789.76 119.67999999999984 119.67999999999984
11 1949.3333333333333 1755.3066666666668 116.05333333333328 116.05333333333351
4 1167.7866666666666 2069.0133333333333 76.15999999999985 76.15999999999985
12 1929.3866666666668 2069.0133333333333 76.16000000000008 76.16000000000031
6 1292.3330068560235 2057.183153770813 181.68854064642505 181.68854064642528
5 1764.1371204701272 2063.044074436827 169.96669931439737 169.9666993143976
