0 1420.1379310344828 399.7241379310345 223.44827586206884 223.44827586206895
13 1380.4137931034481 697.6551724137931 163.8620689655172 163.8620689655172
2 1003.0344827586207 990.6206896551724 273.103448275862 273.1034482758621
1 1673.3793103448274 1035.3103448275863 283.0344827586207 283.0344827586206
3 873.9310344827586 1541.7931034482758 153.9310344827586 153.9310344827586
11 1817.379310344828 1715.5862068965516 163.86206896551744 163.86206896551744
4 953.3793103448277 1869.5172413793102 114.20689655172407 114.20689655172396
12 1911.7241379310344 2058.206896551724 134.06896551724162 134.06896551724185
6 1127.1724137931035 1958.8965517241377 213.51724137931035 213.51724137931046
5 1611.3103448275863 2070.6206896551726 208.55172413793116 208.5517241379314
