0 1089.5294117647059 277.08597285067873 184.7239819004525 184.7239819004525
13 1140.841628959276 424.18099547511304 136.83257918552044 136.8325791855204
2 993.7466063348418 735.4751131221718 198.40723981900453 198.40723981900464
1 1393.9819004524888 506.28054298642536 205.24886877828044 205.24886877828055
11 1561.601809954751 817.574660633484 143.67420814479624 143.67420814479624
4 997.1674208144798 1354.6425339366515 123.14932126696851 123.1493212669684
12 1691.5927601809954 1098.0814479638007 129.9909502262442 129.9909502262442
6 1065.5837104072398 1128.868778280543 191.5656108597284 191.56561085972862
5 1411.085972850679 1050.1900452488687 225.7737556561085 225.7737556561084
7 1198.9954751131222 1836.9773755656106 198.40723981900442 198.40723981900442
8 1469.239819004525 1744.6153846153848 177.88235294117658 177.88235294117658
10 1161.366515837104 2497.1945701357463 150.51583710407272 150.5158371040725
9 1520.5520361990953 2445.8823529411766 171.04072398190056 171.04072398190056
3 1000.3273461643942 1088.3988117689244 100.53732135135226 100.5373213513526
