0 1534.9485213581597 355.82037239868566 151.41292442497274 151.4129244249727
2 1162.094194961665 827.093099671413 200.62212486308886 200.62212486308874
1 1801.8138006571744 842.2343921139102 223.33406352683437 223.33406352683437
3 986.0766703176341 1442.2081051478642 174.12486308871848 174.12486308871848
11 1938.0854326396495 1561.4457831325299 193.05147864183982 193.05147864184005
12 2028.9331872946332 2061.10843373494 132.48630887185118 132.4863088718514
5 1818.847754654984 1873.7349397590365 310.3964950711943 310.3964950711943
13 1524.6160633124696 606.7986977997139 123.5478285532663 123.54782855326619
4 911.239358374278 1915.6869445836446 130.93324155405264 130.93324155405276
6 1129.1994306956356 1910.4364421918144 233.76386675639696 233.76386675639696
