0 1211.8342529863075 239.4531326113542 163.70716631059054 163.70716631059045
13 1206.9033142420126 500.7928860589836 173.56904379918046 173.56904379918035
2 888.3646713605624 700.9889990773563 124.2596563562314 124.2596563562314
1 1452.4640637078987 659.569113625279 128.20440735166744 128.20440735166721
3 830.1795941778824 1226.627069219192 193.29279877635986 193.29279877635986
11 1515.5800796348735 1211.8342529863075 171.5966683014624 171.5966683014624
4 800.5939617121131 1540.2347733563472 130.1767828493853 130.1767828493853
12 1472.1878186850786 1474.1601941827957 120.31490536079582 120.31490536079559
6 956.4116260318318 1372.5828560503205 177.51379479461616 177.51379479461616
5 1400.1961130183727 1358.776227566295 161.73479081287246 161.7347908128727
