0 2180.8780899141175 286.66696533747944 303.99283797336966 303.9928379733698
13 2159.4701435779643 838.9919808102217 235.4874096976805 235.48740969768073
2 1598.581949570761 1309.9668002055832 321.11919504229195 321.11919504229195
1 2688.246418080939 1333.5155411753512 316.837605775062 316.8376057750618
3 1307.4338793990833 2324.703456539226 235.48740969768073 235.4874096976805
11 2934.437800946696 2376.0825277459926 226.9242311632197 226.92423116321925
6 1630.6938690749903 2913.421980783428 256.89535603383365 256.8953560338341
5 2604.7554273699434 2924.125953951505 252.61376676660302 252.61376676660302
12 3005.8583780373556 2761.263773426792 156.55334429841696 156.55334429841696
4 1337.934165720772 2687.9001135073777 178.0703745743474 178.07037457434717
