13 1266.132743362832 916.566371681416 143.84070796460173 143.84070796460173
2 990.1592920353983 1118.9469026548672 220.77876106194697 220.77876106194697
1 1609.0088495575221 1179.1592920353983 254.23008849557527 254.23008849557527
3 950.0176991150443 1677.5840707964603 180.63716814159295 180.63716814159307
11 1652.495575221239 1754.5221238938052 207.39823008849567 207.39823008849567
4 945.0 1933.486725663717 157.22123893805315 157.22123893805338
0 1272.4849167765324 577.6753795594957 177.6778951806525 177.6778951806524
12 1819.7531367827455 2119.927261179858 137.8728293340448 137.87282933404504
6 1014.4196676083138 1957.3503730703142 169.37428155722728 169.3742815572275
5 1443.6108082533265 1996.8162250836485 182.52956556167214 182.52956556167214
