0 1641.4528944381384 531.2145289443813 254.9829738933031 254.98297389330298
13 1603.5436893203882 808.3980582524273 155.24271844660188 155.242718446602
2 1164.3203883495146 1088.5922330097087 246.11650485436894 246.1165048543687
1 2044.660194174758 1090.485436893204 189.32038834951504 189.32038834951493
3 1045.0485436893205 1730.388349514563 143.88349514563106 143.88349514563106
11 2084.417475728155 1724.7087378640772 155.2427184466021 155.24271844660188
4 1039.368932038835 2160.1456310679614 117.37864077669917 117.37864077669929
12 2056.019417475728 2165.825242718447 106.019417475728 106.019417475728
6 1294.9514563106795 2124.1747572815557 249.9029126213593 249.90291262135952
5 1838.3009708737864 2110.922330097089 268.8349514563106 268.83495145631105
