0 1851.709090909091 486.9818181818182 302.4000000000001 302.4000000000001
13 1827.011929531053 844.6078495086509 149.160828903925 149.160828903925
2 1452.8239880565516 1000.1980244860208 167.16299790957123 167.16299790957135
1 2122.761848909524 1122.355599881477 149.160828903925 149.160828903925
3 1275.3740364294688 1825.7260603163645 198.02385906210748 198.02385906210725
11 2270.636808598761 1856.586921468901 177.44995162708346 177.44995162708324
6 1559.5511328757395 2243.6335550902922 205.73907435024103 205.73907435024148
5 2144.6216255592385 2206.34334786431 192.88038220335147 192.88038220335147
4 992.4828091978866 2419.7976375026865 156.87604419205888 156.876044192059
12 2364.505261271058 2261.635724095938 149.16082890392454 149.16082890392454
