0 1476.8607819792858 408.8411662013118 183.8197512958327 183.8197512958327
13 1450.348317850079 742.8982142293148 116.65484216850882 116.65484216850894
2 1169.3161980804891 970.9054057404915 148.4697991235571 148.46979912355698
1 1690.7279926215524 976.2078985663329 159.07478477524 159.0747847752399
3 1010.2414133052496 1476.4097218040306 113.1198469512816 113.11984695128126
11 1862.175260657088 1529.434650062444 113.11984695128172 113.11984695128149
4 1045.5913654775252 1766.2793296166892 91.90987564791624 91.90987564791612
12 1998.2725765203486 1877.631678959357 81.3048899962339 81.3048899962339
6 1222.3411263389025 1808.6992722234195 155.53978955801176 155.53978955801176
5 1669.5180213181868 1810.4667698320336 159.07478477523955 159.07478477523978
