0 1536.0272417707151 339.8138479001135 267.732122587968 267.7321225879682
13 1543.2462150922947 656.8113984289828 155.91478161017972 155.91478161017972
2 1153.459261066845 914.2520843434654 221.18143437723165 221.18143437723165
1 1972.9183458087205 896.1224585748399 195.79995830115627 195.79995830115604
3 1078.2213141270497 1524.313991457715 172.23144480194253 172.23144480194264
11 2116.142389380861 1499.8389966700702 166.79255707135485 166.79255707135508
4 1109.0416779337131 1981.1805608270788 103.33886688116581 103.33886688116581
12 2149.6821970528194 1930.4176086749271 117.8425674960663 117.84256749606584
6 1291.2444169083997 1773.5963457763164 221.18143437723143 221.18143437723143
5 1923.9683562334308 1750.0278322771023 206.67773376233094 206.67773376233094
