0 1433.0533484676503 370.58342792281496 254.00227014755933 253.9182746878547
13 1430.2794059029889 695.0786293667586 151.28576605111562 151.23573768932636
2 1070.9757115315888 911.2471022596543 195.684849566117 195.62013896771555
1 1769.8501742677213 922.7541692577553 169.3742815572275 169.3182715434848
11 1912.0916825657807 1431.5309172452169 134.8416610455597 134.79707054918208
3 895.8459932224171 1479.203051951635 161.15222905444932 161.09893797341283
4 743.7380219210236 1825.2369952516694 100.30904053389156 100.27586955487914
12 1961.423997582449 1745.5094596219706 98.66463003333615 98.63200284086474
6 1183.6178308196477 1784.9622607583165 200.61808106778358 200.5517391097585
5 1686.8074439896627 1765.2358601901433 174.30751305889407 174.24987168552798
