0 988.7787216826757 165.25077079328437 135.12566631591426 135.1256663159142
13 961.9680736041212 376.5186776522933 85.79407385137415 85.79407385137415
1 1162.5117212317084 617.8145103592831 100.8080367753646 100.80803677536449
3 639.167870738326 1023.191509307026 83.64922200508988 83.64922200508977
11 1233.291832159092 1098.2613239269785 96.51833308279629 96.51833308279629
4 683.1373335871554 1313.818934478556 68.63525908109943 68.63525908109955
12 1263.3197580070732 1392.1060268679348 75.06981461995224 75.06981461995247
2 689.7607224103626 564.9765395138422 100.9525870811018 100.9525870811018
6 740.5947786606125 1223.0465380249718 145.36208853575488 145.362088535755
5 1110.2656072644722 1234.3246311010212 162.90578887627703 162.90578887627703
