0 1586.6666666666665 373.3333333333333 291.87878787878776 291.8787878787879
13 1573.090909090909 668.6060606060606 169.69696969696975 169.69696969696975
2 1277.8181818181818 916.3636363636365 244.3636363636365 244.3636363636365
1 1868.3636363636365 957.0909090909092 244.36363636363672 244.3636363636365
3 1128.4848484848485 1411.878787878788 149.33333333333326 149.33333333333326
11 2007.5151515151515 1469.5757575757575 156.121212121212 156.12121212121224
4 1162.424242424243 1771.6363636363635 108.60606060606051 108.60606060606051
12 1939.6363636363635 1741.090909090909 128.96969696969654 128.96969696969677
6 1257.4545454545455 1900.6060606060607 257.9393939393942 257.939393939394
5 1871.7575757575755 1904.0000000000002 264.7272727272725 264.7272727272725
