0 1352.3751418842226 294.2009080590239 291.0374574347336 291.03745743473337
13 1352.3751418842226 531.4597048808173 158.17253121452927 158.17253121452904
2 980.6696935300794 858.8768444948923 287.8740068104428 287.8740068104428
1 1705.099886492621 811.4250851305335 294.20090805902396 294.20090805902396
3 866.7854710556187 1390.3365493757096 180.31668558456306 180.31668558456295
11 1888.5800227014756 1374.519296254257 211.95119182746862 211.95119182746862
4 836.7326901248583 1784.1861520998864 139.1918274687855 139.19182746878528
12 1991.39216799092 1828.4744608399546 151.84562996594764 151.84562996594786
6 1039.1935300794557 1676.6288308740059 328.9988649262202 328.9988649262202
10 1066.082860385925 2494.3808172531208 167.6628830874007 167.66288308740104
9 1860.1089670828605 2538.6691259931895 167.66288308740081 167.66288308740104
5 1669.9467596331833 1679.5394453156641 296.0730951470571 296.0730951470571
