0 1647.490909090909 467.3454545454545 286.6909090909089 286.69090909090903
13 1655.0598630423046 806.2144756029058 205.79165993410675 205.7916599341064
2 1220.5335540598162 1151.749796505781 273.9253851825606 273.9253851825606
1 2166.758044500083 1103.7780919941142 289.22071125874436 289.22071125874436
3 1207.3239542667488 1869.4713286835108 177.98197615922754 177.98197615922732
11 2253.6633062965807 1849.3093079467221 196.05827061289892 196.05827061289915
4 1237.9146064191154 2347.797889611433 152.95326076183574 152.95326076183574
12 2296.0730740532717 2296.3499746279067 150.17229238434766 150.17229238434766
6 1430.4966665601546 2199.7113235102015 279.4873219375361 279.4873219375363
5 2103.4910139122326 2177.463576490298 301.7350689574398 301.73506895744026
