0 1559.8914027149322 284.61176470588236 284.61176470588225 284.61176470588236
13 1544.839819004525 688.2678733031676 238.08868778280566 238.08868778280555
2 1119.2904977375565 1020.771040723982 207.9855203619909 207.985520361991
1 1932.0760180995476 1018.0343891402715 251.77194570135748 251.77194570135737
11 2118.1683257918553 1661.1475113122174 257.2452488687786 257.2452488687784
4 926.356561085973 2190.689592760181 155.98914027149328 155.9891402714934
12 2177.006334841629 2163.3230769230768 172.40904977375567 172.40904977375567
6 1247.9131221719458 2052.4886877828058 339.34479638009066 339.34479638009043
5 1845.8714932126695 2056.593665158371 342.0814479638011 342.0814479638011
3 992.8661146785382 1672.9017329595686 235.3520361990951 235.3520361990952
