0 1469.7961165048544 203.6796116504854 300.9320388349515 300.9320388349514
13 1478.9708737864075 517.4563106796115 187.16504854368918 187.1650485436893
2 1064.2718446601941 792.6990291262136 201.8446601941746 201.8446601941747
1 1827.6116504854367 785.3592233009708 201.84466019417482 201.8446601941747
3 867.9320388349515 1594.5728155339805 190.8349514563107 190.8349514563106
11 1981.747572815534 1515.6699029126214 157.80582524271836 157.80582524271858
4 741.3203883495146 2117.5339805825242 135.78640776699035 135.78640776699058
12 1957.8932038834953 1943.2135922330099 95.4174757281553 95.4174757281553
6 1225.7475728155337 1970.7378640776697 209.1844660194172 209.1844660194172
5 1897.339805825242 1948.7184466019417 201.84466019417482 201.84466019417482
