0 1433.8217821782177 282.7722772277228 339.3267326732673 339.3267326732673
13 1413.861386138614 668.6732673267328 232.871287128713 232.871287128713
2 943.1287128712863 923.1683168316831 269.46534653465335 269.46534653465335
1 1859.643564356436 898.2178217821788 259.4851485148513 259.4851485148514
3 811.7227722772279 1656.7128712871286 232.87128712871288 232.87128712871277
11 2002.693069306931 1630.09900990099 286.09900990099004 286.09900990099027
4 778.4554455445543 2188.9900990099013 179.6435643564356 179.6435643564355
12 2042.6138613861383 2109.1485148514857 179.64356435643595 179.64356435643595
5 1839.6831683168305 1986.0594059405937 219.56435643564373 219.56435643564373
6 1034.2777407274405 2012.440568409173 229.5445544554459 229.5445544554459
