0 1828.7430830039523 467.64426877470356 236.0632411067195 236.06324110671937
13 1712.205533596838 715.6600790513835 206.18181818181847 206.18181818181836
2 1382.01581027668 971.1462450592885 245.02766798418975 245.02766798418986
1 2006.5375494071145 959.193675889328 227.098814229249 227.098814229249
3 1228.1264822134385 1522.4584980237155 200.205533596838 200.205533596838
11 2024.4664031620555 1479.1304347826087 191.24110671936728 191.2411067193675
4 1189.280632411067 1860.1185770750983 170.32411067193675 170.32411067193698
12 1967.6916996047432 1771.9683794466403 143.43083003952552 143.43083003952552
5 1906.4347826086955 1818.2845849802372 200.20553359683777 200.205533596838
10 1237.0909090909095 2520.4980237154145 176.300395256917 176.300395256917
6 1347.6631341529032 1826.9451159786686 182.27667984189725 182.27667984189725
