0 1571.1234418528913 512.1678238326034 171.6997676939095 171.69976769390934
13 1554.2901312946651 855.5673592204222 117.83317390758498 117.83317390758498
2 1271.4905139164612 1060.9337480307845 164.96644347061897 164.96644347061886
1 1825.3064312821098 1086.183713868124 168.3331055822639 168.3331055822639
3 1116.6240567807783 1616.4329964522562 124.56649813087552 124.56649813087529
11 1901.056328794129 1639.999631233773 111.09984968429421 111.09984968429421
4 1094.740753055084 1968.2491871191883 94.26653912606776 94.26653912606776
12 1877.4896940126116 2000.232477179818 97.63320123771337 97.63320123771337
6 1247.9238791349444 1916.065924388686 151.49979502403744 151.49979502403767
5 1722.6232368769288 1926.165910723622 164.96644347061851 164.96644347061851
