0 1342.3705398084223 224.36228531719837 147.99694505000434 147.99694505000446
13 1341.5483345581445 457.0463711458163 100.30904053389168 100.3090405338919
2 1000.3331556928567 643.6869629588774 141.4193030477819 141.41930304778202
1 1642.4754561598202 667.5309152169339 139.7748925472265 139.7748925472266
3 896.7352941578536 1158.3874496327817 108.53109303666986 108.53109303666997
4 942.7787881734105 1636.910905294463 78.93170402666908 78.93170402666874
11 1788.8279907092692 1164.1428863847268 113.464324538337 113.464324538337
12 1828.2938427226038 1618.0001845380734 80.57611452722495 80.57611452722495
6 1055.4209074614691 1328.5839364402873 179.2407445605611 179.2407445605611
5 1645.7642771609317 1315.4286524358422 175.9519235594496 175.95192355944982
