0 1100.1524111427439 454.39874793333314 151.33849505205671 151.3384950520566
13 1129.6505923817042 636.5179538434352 97.4722510504771 97.4722510504771
2 956.5090938051991 786.5739192764066 117.99272495584069 117.99272495584069
1 1309.8460038631779 770.5422990378408 101.31983990773256 101.31983990773267
3 894.947672089108 1134.1394460485021 110.29754724132943 110.29754724132954
11 1380.3851329128654 1082.1969964755508 55.14877362066454 55.14877362066454
4 843.6464873256991 1409.8833141518257 61.56142171609065 61.56142171609076
12 1369.4836311506413 1330.366477768542 48.73612552523855 48.73612552523855
6 1008.4515433781501 1291.249324386442 124.40537305126679 124.40537305126668
5 1309.8460038631786 1292.5318540055273 103.88489914590309 103.88489914590332
