0 1531.3023022016691 546.8848899165578 167.2866190811303 167.28661908113008
13 1533.4470024462985 767.7890151134345 111.52441272075362 111.52441272075328
2 1263.2147716229347 1016.5742434905001 214.47002446298734 214.47002446298723
1 1788.6663315572534 1010.14014275661 227.33822593076638 227.3382259307665
3 1207.4525652625582 1479.8294963305518 120.1032136992726 120.1032136992726
11 1902.3354445226369 1492.6976977983313 128.6820146777925 128.6820146777925
4 1241.7677691766362 1762.9299286216951 85.78800978519484 85.78800978519507
12 1955.9529506383833 1795.100432291143 98.65621125297389 98.65621125297389
6 1329.7004792064608 1717.891223484468 201.60182299520807 201.6018229952076
5 1767.2193291109547 1730.7594249522467 193.0230220166884 193.0230220166884
