0 1197.9463124786425 569.3846534488741 200.05833448689373 200.0583344868939
13 1213.4913857664758 744.4356961249064 98.67742174015711 98.67742174015723
2 997.8879779917484 885.6931012186931 129.76756831582315 129.76756831582304
1 1405.4392472336308 862.037554911121 117.60185878621473 117.60185878621473
3 935.0318120887719 1297.2996069704445 101.38091274673684 101.38091274673684
11 1470.323031391542 1256.74724187175 93.27043972699789 93.27043972699812
6 1080.3444536924278 1435.8535210576515 102.73265825002636 102.73265825002659
5 1404.7633744819855 1427.7430480379126 102.73265825002659 102.73265825002659
4 883.6654829637584 1554.1312525955113 95.97393073357762 95.97393073357762
12 1451.3985943454845 1479.7852499145706 77.04949368752 77.04949368752
