13 1358.1238938053098 737.6017699115043 173.94690265486724 173.94690265486713
2 1016.9203539823009 988.4867256637167 254.23008849557516 254.23008849557516
1 1746.1592920353983 995.1769911504423 280.9911504424779 280.991150442478
4 884.7876106194688 1926.7964601769913 163.91150442477874 163.91150442477874
0 1362.6711836283184 411.21612278761063 240.4314159292037 240.43141592920347
3 880.4363246681417 1587.5660259955753 166.23741703539838 166.23741703539827
11 1812.854181112236 1639.9093080934963 198.60559899528744 198.60559899528744
12 1886.150274699959 1983.390168591505 113.87052963112205 113.87052963112228
6 1113.7682632861088 1825.7381769196397 217.0116204504477 217.01162045044748
5 1652.4900930008166 1816.2201233911098 228.43328468468167 228.4332846846819
