0 2141.5633520273186 832.0805241739554 407.7583414318103 407.75834143181066
13 2125.4676280234316 1463.390587881978 289.7230320699707 289.72303206997094
2 1390.4295651792463 1801.4007919636106 343.37544541626175 343.37544541626175
1 2815.7953464123734 1824.6501710803363 354.10592808551974 354.1059280855195
3 1283.1247384866642 2402.307821442069 228.9169636108411 228.91696361084087
11 2890.9087250971816 2447.0181658973124 239.6474462800993 239.6474462800993
4 1324.2582553854872 2633.0131988311196 189.5718604902279 189.57186049022812
12 2878.389828649714 2666.993060617103 171.68772270813088 171.68772270813088
6 1613.9812874554577 3094.4239536092227 268.2620667314543 268.2620667314545
5 2601.1856930272097 3115.884918947738 275.4157218442929 275.4157218442929
