0 1488.9406779661017 487.50000000000006 264.4067796610168 264.4067796610169
13 1509.5156844974977 791.0021031284066 132.20248278206827 132.20248278206816
2 1196.0678624174334 1078.862347895813 196.17142606371385 196.17142606371385
1 1889.0647479685963 1072.4654535676482 208.96521472004292 208.96521472004292
3 1040.410100432095 1690.8319052902248 140.7316752196209 140.7316752196209
11 2080.9715778135337 1682.302712852672 149.26086765717355 149.26086765717355
4 1038.2778023227065 2038.3964971205003 110.87950168818566 110.87950168818543
12 2106.5591551261923 2027.7350065735593 123.67329034451495 123.67329034451495
6 1271.373439273553 1953.0987514188423 279.7729852440407 279.7729852440409
5 1836.2315550510789 1947.7866061293976 276.2315550510782 276.23155505107843
