0 1520.5648604269293 358.6469622331691 235.8226600985222 235.82266009852216
13 1537.7602627257802 724.663382594417 142.4761904761906 142.47619047619048
2 1142.266009852217 1066.1149425287356 235.82266009852196 235.82266009852208
1 1891.4942528735633 1063.6584564860427 250.5615763546798 250.5615763546798
6 1228.2430213464695 2016.7750410509034 240.73563218390814 240.73563218390814
5 1869.3858784893268 2014.3185550082103 216.17077175697887 216.17077175697887
3 1024.3546798029556 1675.3234811165848 196.51888341543508 196.5188834154353
11 2046.2528735632184 1699.888341543514 186.6929392446632 186.6929392446632
4 1046.463054187192 2085.5566502463053 112.99835796387515 112.99835796387538
12 2073.2742200328407 2056.07881773399 132.65024630541848 132.65024630541848
