0 1162.567360350493 342.8083242059146 162.29572836801754 162.29572836801754
13 1177.472070098576 642.5585980284776 86.11610076670331 86.11610076670331
2 882.6900328587074 847.9123767798467 211.9780941949616 211.97809419496173
1 1518.6243154435929 857.8488499452358 231.85104052573956 231.85104052573934
3 781.6692223439211 1535.185104052574 102.6768893756846 102.6768893756846
11 1573.274917853231 1670.983570646221 175.54435925520238 175.54435925520283
4 889.3143483022999 1970.733844468784 92.74041621029573 92.74041621029596
12 1662.7031763417303 2101.5640744797374 109.30120481927702 109.30120481927725
6 907.5312157721796 1856.4644030668128 195.41730558598033 195.41730558598033
5 1334.7995618838993 1882.9616648411834 215.29025191675828 215.29025191675828
