0 1542.8921679909195 429.0578887627697 315.7866061293987 315.7866061293987
13 1532.594778660613 669.3303064699206 144.1634506242906 144.16345062429082
2 1237.4029511918275 961.0896708286039 212.81271282633384 212.8127128263336
1 1781.4483541430195 952.5085130533488 223.1101021566401 223.11010215664032
3 1110.4018161180477 1517.1486946651535 102.97389330306487 102.97389330306464
11 1910.1657207718501 1506.8513053348465 116.70374574347352 116.70374574347329
6 1252.8490351872872 1762.5698070374574 223.1101021566401 223.11010215664032
5 1774.5834279228145 1741.975028376844 229.97502837684442 229.97502837684442
4 1137.5572723098694 1815.6065729776842 72.08172531214541 72.08172531214518
12 1878.096900392551 1831.425823873459 75.04352746689528 75.04352746689528
