0 1206.5482947817495 207.07207112596876 186.44557500526093 186.44557500526085
13 1186.7977042091584 504.910976960644 150.1044883516929 150.10448835169308
2 829.7070266567094 757.7185362898114 162.74486631815148 162.74486631815148
1 1486.2166572896422 756.9285126669077 195.9258584801048 195.92585848010458
3 810.746459707022 1171.6909146913229 134.30401589361998 134.3040158936201
11 1656.0717362139249 1214.3521903281196 175.38524428460983 175.3852442846096
4 815.4866014444437 1520.8813560147355 115.34344894393257 115.34344894393257
12 1743.7643583562306 1644.9150648106076 123.24368517296898 123.24368517296898
6 877.8984676538321 1444.2490645930804 148.52444110588578 148.52444110588567
5 1375.6133500831293 1455.3093953137322 167.48500805557364 167.48500805557364
