0 1466.324693042292 742.5920873124148 278.1773533424282 278.17735334242843
13 1433.3206002728512 1067.9181446111868 155.5907230559344 155.59072305593452
2 1105.637107776262 1334.3083219645291 226.31377899045003 226.31377899045037
1 1843.514324693042 1374.3847203274215 259.3178717598905 259.31787175989075
3 952.4038199181446 2062.755798090041 165.02046384720325 165.02046384720347
11 2025.0368349249661 2267.8526603001364 245.17326057298783 245.1732605729876
4 973.6207366984994 2451.732605729877 141.44611186903126 141.44611186903103
12 2102.832196452933 2670.974079126876 165.02046384720325 165.02046384720325
6 1164.5729877216916 2463.5197817189637 249.88813096862214 249.8881309686226
5 1768.0763983628924 2515.3833560709404 249.88813096862214 249.88813096862214
