0 1175.7708049113235 554.8813096862211 235.15416098226456 235.15416098226467
13 1177.8335607094132 845.7298772169167 148.51841746248306 148.51841746248294
2 948.8676671214188 1045.8171896316508 235.15416098226456 235.15416098226456
1 1518.1882673942703 1099.4488403819919 251.6562073669852 251.65620736698497
3 858.1064120054571 1573.8826739427013 119.63983628922244 119.63983628922256
11 1666.7066848567533 1660.518417462483 193.89904502046397 193.8990450204642
12 1712.087312414734 2027.6889495225105 119.63983628922233 119.63983628922233
6 1027.2523874488404 1965.8062755798092 226.90313778990458 226.90313778990458
5 1485.184174624829 2011.18690313779 226.90313778990458 226.90313778990435
4 915.1968658178256 1913.3241919686582 112.54848188050937 112.54848188050937
