0 1330.8454421134657 367.99376879000437 253.3615201165419 253.3615201165419
13 1363.2521481748836 818.7415894624571 176.763851244099 176.7638512440991
2 963.5694400840589 1092.7255588908108 159.087466119689 159.0874661196891
1 1784.5393269733195 1078.9772593496027 178.72789403570027 178.72789403570027
3 980.2638038126687 1688.812546141745 145.33916657848135 145.33916657848158
11 1919.0762581979939 1702.5608456829527 176.76385124409921 176.76385124409921
4 1041.1491303523028 2018.7717351307297 94.27405399685279 94.27405399685267
12 2065.397446172277 2188.661436604224 115.87852470446501 115.87852470446478
6 1075.5198792053216 1952.976301612097 151.23129495328476 151.23129495328476
5 1721.6899576420851 2045.2863128173403 170.87172286929558 170.8717228692958
