0 1134.0 306.31923601637095 160.89495225102314 160.89495225102306
13 1121.62346521146 519.8144611186902 92.824010914052 92.82401091405194
2 866.3574351978172 682.256480218281 194.93042291950883 194.93042291950883
1 1344.4010914051842 680.7094133697135 241.3424283765346 241.34242837653483
3 727.1214188267394 1211.3533424283764 182.55388813096852 182.55388813096874
4 671.4270122783083 1502.2019099590725 133.04774897680772 133.0477489768075
12 1568.725784447476 1508.390177353342 133.04774897680772 133.04774897680772
6 861.7162346521145 1522.3137789904501 216.58935879945432 216.5893587994542
5 1372.2482946793998 1528.5020463847204 204.21282401091435 204.21282401091435
11 1516.3204057597204 1216.3344746546727 174.99682916950906 174.99682916950906
