0 1276.9099600621223 240.0584008162626 121.11323362647636 121.11323362647641
2 1063.0291432323882 399.82479411076326 126.26698824887978 126.26698824887961
1 1522.357523954077 551.2163361438588 119.8247949708757 119.82479497087553
3 696.4683457139563 664.5989378367303 119.82479497087559 119.82479497087559
4 858.1673969918584 473.26579748000984 90.19070589205683 90.19070589205688
11 1740.1036567506158 887.4988252556707 106.94040841486753 106.94040841486753
6 1138.4028045850346 1033.0923933385639 148.17044539409358 148.17044539409358
5 1572.6066315225091 1091.0721328405994 143.01669077169026 143.01669077169015
7 1203.4689566928764 1753.9738211472172 170.07390253930726 170.07390253930726
8 1553.924271016297 1760.416014425221 172.65077985050857 172.6507798505088
10 1227.3050718214913 2431.048334665444 135.2860588380854 135.2860588380854
9 1662.153118086765 2417.5197287816363 128.8438655600812 128.8438655600812
13 1282.0249716231554 350.11123723042 75.51418842224757 75.51418842224746
