0 1688.7718501702614 375.8547105561862 278.0295119182747 278.02951191827486
13 1675.0419977298525 653.8842224744608 147.59591373439275 147.59591373439264
2 1333.5119182746869 1036.6038592508512 281.46197502837686 281.46197502837697
1 2020.0045402951184 1002.2792281498294 247.13734392735523 247.13734392735523
3 1245.9841089670826 1639.0011350737796 223.1101021566401 223.11010215663987
11 2064.626560726447 1596.095346197503 185.35300794551654 185.3530079455163
4 1143.0102156640178 2050.8967082860386 133.8660612939841 133.86606129398388
12 2100.6674233825206 1989.1123723041999 106.40635641316703 106.40635641316703
10 1191.0646992054483 2438.7650397275825 113.2712826333709 113.2712826333709
5 1967.8841105832885 2084.6273315322987 319.2190692395004 319.2190692395002
6 1348.479172873018 2075.1200852499264 280.59399585110964 280.59399585110964
