0 1580.9035187287172 573.9477866061295 271.69125993189596 271.6912599318958
13 1553.7343927355275 896.5811577752554 190.18388195232683 190.18388195232706
2 1164.8762769580017 1169.9704880817258 275.0874006810443 275.0874006810443
1 1905.2349602724157 1197.1396140749155 275.0874006810443 275.0874006810445
3 1015.4460839954575 1672.5993189557325 213.95686719636797 213.95686719636797
11 2030.8921679909186 1709.956867196367 213.9568671963682 213.9568671963682
4 1081.6708286038588 1820.3314415436994 149.43019296254283 149.43019296254283
12 1945.9886492622022 1828.8217934165705 146.03405221339403 146.03405221339403
6 1219.2145289443815 2114.0976163450596 207.1645856980706 207.16458569807014
5 1837.3121452894425 2120.889897843357 207.1645856980706 207.16458569807037
