0 1430.0301533791664 578.0405354717159 285.65249579987403 285.652495799874
13 1422.5783491409088 925.7913999237367 161.455758495581 161.4557584955811
2 1040.0523982436864 1097.1828974036612 161.455758495581 161.45575849558088
1 1729.3442902825125 1110.8445385071332 168.90756273383886 168.90756273383863
3 949.3887800115522 1697.0531385833965 149.0360847651517 149.03608476515183
11 1795.168561053788 1700.7790407025252 151.52001951123748 151.52001951123748
4 970.5022253532825 2018.7226882015157 111.77706357386387 111.77706357386364
12 1741.763964012942 2014.9967860823867 119.22886781212173 119.2288678121215
6 1136.9258533410343 1996.367275486743 146.5521500190655 146.55215001906527
5 1623.7770635738634 1986.4315365023992 156.48788900340924 156.48788900340924
