0 1619.4098360655737 581.8894952251023 239.60655737704928 239.35879945429735
13 1598.7540983606557 874.8976807639835 165.24590163934454 165.0750341064121
2 1328.1639344262294 1062.6705320600272 235.47540983606564 235.23192360163716
1 1830.0983606557377 1085.3683492496589 231.344262295082 231.10504774897686
3 1129.8688524590164 1669.3212824010918 169.37704918032796 169.2019099590725
11 1863.1475409836066 1729.1609822646656 115.67213114754077 115.55252387448809
4 1076.1639344262294 1958.2025920873123 128.06557377049182 127.93315143246946
12 1821.8360655737706 1972.6466575716236 123.93442622950806 123.8062755798087
6 1313.704918032787 1906.6166439290587 239.60655737704928 239.35879945429747
5 1677.2459016393443 1906.616643929059 206.55737704918056 206.34379263301525
