0 1385.1965329340965 309.21733498139486 239.85494891891585 239.85494891891582
13 1411.8470828139757 716.5900260024107 182.74662774774538 182.7466277477455
2 1041.594800554221 942.167894628534 218.91523115615337 218.91523115615348
1 1799.2318614250817 917.4209554543597 222.7224525675647 222.7224525675647
11 1946.7616911172731 1542.7570722786772 186.5538491591567 186.55384915915693
4 980.6792579716389 1951.081568652546 135.15636010510343 135.15636010510343
12 1969.605019585741 1900.6358849513463 129.445527987986 129.445527987986
6 1170.0885231893542 1845.4311744858783 209.39717762762484 209.39717762762461
5 1751.6415937824409 1827.3468727816758 203.6863455105081 203.6863455105081
3 955.9409761634507 1602.9602724177075 171.6231555051079 171.6231555051079
