0 1577.978181818182 368.7032766990292 256.5818181818181 256.8082524271845
13 1563.3163636363638 709.8913834951456 161.2800000000002 161.42233009708752
2 1281.0763636363636 1014.3925970873787 263.9127272727271 264.1456310679612
1 1869.3818181818183 1012.5582524271845 252.9163636363637 253.1395631067959
3 1037.3236363636365 1724.2839805825242 172.27636363636384 172.42839805825247
11 1999.5054545454545 1583.0394417475732 139.2872727272727 139.4101941747574
4 909.0327272727272 2164.5266990291257 128.29090909090883 128.404126213592
12 1981.1781818181819 1946.2396844660202 109.9636363636364 110.06067961165058
6 1282.909090909091 2050.797330097087 238.25454545454545 238.46480582524282
5 1841.4475362835012 1977.9930708756865 211.13879796990477 211.05563625039213
