0 679.9238095238095 401.87936507936513 186.92063492063494 186.920634920635
13 640.40625 621.0 116.4375 116.4375
2 364.40625 821.53125 194.0625 194.0625
1 906.8049886621313 768.0954964752336 170.29941228191944 170.29941228191933
3 343.57516158390786 1306.4899925956774 133.04641584524956 133.0464158452496
11 951.1537939438813 1169.008696222253 99.34132383111978 99.34132383111978
4 329.3835438937479 1483.8852137226768 86.92365835222972 86.92365835222995
6 569.7540685208321 1426.231766856402 184.49102997207945 184.49102997207956
5 877.5347771761762 1345.516941243617 143.6901291128696 143.6901291128695
12 918.0176297747306 1367.8354554358473 71.36532810969629 71.36532810969629
