0 1281.0273722053807 616.7450483473252 323.1179220836077 323.11792208360777
13 1248.8743124237112 891.7390245886934 164.99638574482105 164.99638574482094
2 902.0512986977446 1131.4993976241365 232.02616745365458 232.02616745365458
1 1525.0845261195955 1135.7961785029079 233.744879805163 233.74487980516312
3 795.4911329042145 1528.5219508226119 135.77827576917548 135.77827576917548
11 1540.7642249437013 1548.0758552044306 133.63698809660764 133.63698809660764
4 768.8510914558321 1752.8139126944777 89.37304227844481 89.3730422784447
12 1480.3980049803722 1771.719748561072 85.93561757542739 85.93561757542739
6 905.1318421220005 1714.922341385356 168.43381044783803 168.4338104478379
5 1426.2440191112394 1717.196736302296 145.26625113831324 145.26625113831324
