0 1532.4228648805915 814.0206475964811 171.72519756439556 171.72519756439556
13 1525.4984617529947 1075.7630858196324 108.02068879050694 108.02068879050694
2 1308.0722035464619 1271.031254017856 144.02758505400925 144.02758505400925
1 1758.15840684024 1269.6463733923365 152.33686880712457 152.3368688071248
3 1182.048066624204 1712.8081735585188 91.40212128427493 91.40212128427493
11 1896.6464693921719 1762.6638760772141 102.48116628842945 102.48116628842945
4 1219.4398435132255 2041.024881806597 77.55331502908166 77.55331502908189
12 1927.113843153597 2003.6331049175756 69.24403127596611 69.24403127596588
6 1313.6117260485391 1963.4715667775151 138.48806255193176 138.48806255193176
5 1758.1584068402403 1973.1657311561503 152.33686880712503 152.33686880712503
