0 1006.3183881952327 234.8467650397276 187.87741203178211 187.87741203178203
13 1000.4472190692395 402.7622020431328 96.28717366628837 96.28717366628831
2 747.9869466515322 594.1623155505106 169.08967082860386 169.08967082860386
1 1244.687854710557 614.1242905788879 157.34733257661765 157.34733257661753
3 670.487514188422 927.6447219069242 140.90805902383659 140.90805902383659
11 1291.6572077185015 935.8643586833148 133.86265607264477 133.86265607264477
4 655.22247446084 1227.0743473325765 105.6810442678775 105.68104426787727
12 1305.7480136208853 1250.5590238365494 100.9841089670831 100.9841089670831
6 780.8654937570939 1153.0976163450623 197.27128263337113 197.27128263337113
5 1189.4988649262207 1155.4460839954597 206.6651532349606 206.6651532349606
9 1205.938138479001 1754.3053348467652 98.63564131668545 98.63564131668568
