0 1482.6407766990292 348.6407766990291 414.6990291262134 414.69902912621353
13 1458.7864077669901 878.9417475728155 242.21359223300965 242.21359223300954
2 989.0388349514564 1128.495145631068 220.19417475728164 220.19417475728153
1 1899.1747572815543 1113.8155339805826 234.87378640776706 234.87378640776706
3 880.7766990291261 1919.3592233009704 172.48543689320366 172.48543689320377
11 2073.495145631068 1948.7184466019407 194.50485436893223 194.504854368932
4 877.1067961165048 2282.679611650485 150.46601941747554 150.46601941747576
12 2130.3786407766993 2313.8737864077666 154.1359223300974 154.13592233009695
6 1115.6504854368932 2304.699029126214 245.88349514563106 245.88349514563106
5 1783.5728155339805 2319.378640776699 253.22330097087342 253.22330097087342
