0 1294.6285714285714 331.8857142857143 192.0 192.0
13 1310.0176727726348 623.4801555722245 147.33090237344413 147.33090237344413
2 959.6345652050212 862.4206574983872 236.107215342058 236.107215342058
1 1685.9003595971926 855.8096554688095 234.2183576193213 234.2183576193214
3 894.468973770613 1426.2446877352218 158.66404870986298 158.66404870986298
11 1763.343526229386 1411.1338259533295 173.77491049175455 173.77491049175433
4 916.1908375820824 1748.2949294617881 96.33174385955954 96.33174385955954
12 1758.621381922545 1725.6286367889509 96.33174385955977 96.33174385955999
6 1073.9104574305773 1641.5744681271792 196.44120316459237 196.44120316459203
5 1603.7350486581558 1636.8523238203375 198.3300608873285 198.3300608873285
