0 1306.154750244858 442.7894221351615 269.52399608227256 269.5239960822722
13 1316.5210577864837 734.5269343780609 183.63173359451525 183.63173359451525
2 1033.6689520078355 969.9902056807049 245.8295788442705 245.82957884427037
3 921.1204701273261 1482.3819784524976 228.05876591576896 228.05876591576884
4 808.5719882468168 1997.7355533790405 192.5171400587659 192.51714005876624
1 1621.5866797257593 977.3947110675808 231.02056807051895 231.02056807051906
11 1716.3643486777669 1519.4045053868756 195.4789422135159 195.4789422135159
12 1814.103819784525 1913.3241919686584 154.01371204701263 154.01371204701263
6 1091.4240940254654 1910.3623898139078 225.09696376101851 225.0969637610183
5 1531.2517140058767 1920.7286973555342 198.44074436826645 198.44074436826668
