0 996.2724177071511 624.2792281498298 326.9421112372303 326.9421112372305
13 994.9852440408627 828.9398410896711 133.86606129398422 133.8660612939841
2 715.6685584562996 1046.4721906923944 198.22474460839953 198.2247446083993
1 1321.9273552780928 1032.3132803632238 195.65039727582302 195.6503972758229
3 679.6276958002275 1543.321225879682 131.2917139614077 131.2917139614076
11 1372.127128263337 1540.746878547106 131.2917139614076 131.2917139614076
4 687.3507377979568 1767.2894438138478 95.25085130533478 95.25085130533489
12 1377.2758229284907 1795.6072644721905 95.25085130533489 95.25085130533489
6 809.6322360953462 1778.8740068104426 267.7321225879682 267.7321225879682
5 1211.2304199772984 1768.5766174801363 262.58342792281496 262.5834279228152
