0 1882.4028834686505 542.2010501649852 200.4342288168018 200.43422881680192
13 1873.4946955212372 898.5285680615218 129.16872523749407 129.16872523749396
2 1559.4810703749142 1239.2667570500853 222.70469868533564 222.70469868533542
1 2212.0058375229473 1223.6774281421115 200.4342288168018 200.4342288168018
3 1379.0902644397925 2114.4962228834534 164.80147702714817 164.80147702714817
11 2443.618724155696 2007.5979675144927 155.89328907973504 155.89328907973504
4 1356.819794571259 2510.9105865433503 138.0769131849081 138.07691318490788
12 2425.8023482608687 2350.563203489909 129.16872523749453 129.16872523749453
6 1661.9252317701685 2401.7852841875356 204.8883227905087 204.88832279050894
5 2256.546777260014 2288.205887858015 200.4342288168018 200.4342288168018
