0 1822.5484311050477 248.99317871759894 285.729877216917 285.72987721691686
13 1777.6480218281035 661.2605729877217 171.43792633015005 171.43792633015005
2 1422.5266030013645 1024.5457025920873 318.38472032742175 318.38472032742186
1 2116.44201909959 942.9085948158254 310.22100954979555 310.22100954979544
3 1251.0886766712142 1734.7885402455663 244.91132332878556 244.91132332878578
4 1232.7203274215553 2169.5061391541612 175.51978171896303 175.51978171896326
12 2153.1787175989084 1983.7817189631655 122.45566166439312 122.45566166439335
6 1528.6548431105048 2020.5184174624824 269.40245566166413 269.4024556616639
5 1985.8226466575716 1979.699863574352 253.07503410641198 253.07503410641198
11 2263.507902042555 1684.5595288623372 192.33082405714958 192.33082405714936
