0 1431.3819368879217 419.4042437431992 378.4113166485313 378.2861806311208
13 1426.4461371055495 855.2557127312296 197.43199129488562 197.36670293797602
2 1020.0652883569102 1307.5544069640914 332.3438520130578 332.23394994559317
1 1862.4417845484227 1258.2127312295984 332.34385201305736 332.2339499455927
3 797.954298150163 2085.508161044613 197.43199129488562 197.36670293797556
11 2101.005440696409 2003.272034820457 190.85092491838964 190.78781284004367
4 862.119695321001 2495.0440696409146 141.49292709466818 141.4461371055495
12 2073.0359085963 2383.202937976061 134.91186071817197 134.86724700761715
6 1074.3590859630028 2447.347116430904 269.8237214363438 269.73449401523385
5 1887.1207834602837 2407.873775843309 263.2426550598477 263.1556039173015
