0 1505.81173260573 253.71896316507497 218.65211459754437 218.65211459754414
13 1476.9331514324695 517.7517053206004 127.89085948158277 127.89085948158265
2 1225.2769440654843 703.399727148704 243.405184174625 243.40518417462476
1 1677.0204638472023 771.4706684856756 198.02455661664408 198.02455661664396
3 1066.4447476125513 1184.0218281036834 165.02046384720313 165.02046384720325
4 961.244201909959 1528.5020463847204 127.89085948158254 127.89085948158254
6 1276.8458390177352 1596.5729877216918 222.77762619372447 222.7776261937247
5 1623.3888130968623 1588.3219645293314 156.76944065484304 156.76944065484304
10 1258.2810368349249 2861.042291950887 119.63983628922233 119.63983628922233
9 1561.5061391541608 2759.9672578444747 90.76125511596183 90.76125511596183
7 1299.5361527967257 2332.9768076398364 185.64802182810377 185.648021828104
8 1557.380627557981 2322.6630286493864 173.27148703956368 173.27148703956345
11 1708.7339900545035 1201.8204740433775 105.52312589370672 105.52312589370672
