0 1021.5951481601514 256.0895578113053 105.73074771712982 105.67533327912273
13 1025.1666249703776 406.6174597903059 73.12219935577184 73.08387535191662
2 878.9222262588339 508.34231332067634 94.86123159667693 94.81151397005397
1 1165.9762656216953 513.7742229752107 97.82564508407336 97.7743737816183
3 857.6772629324948 765.6173069581669 83.99171547622439 83.94769466098523
11 1216.3712949074302 767.592546832543 80.03916415969638 79.99721491223318
4 862.617952078155 996.7203722601735 54.34758060226284 54.319096545343314
12 1223.7823286259204 1001.1646619775199 51.383167114866865 51.356236733779156
6 929.8113244591345 963.1412943957795 85.96799113448844 85.92293453536149
5 1160.047438646903 962.1536744585916 87.94426679275284 87.89817440973775
7 946.6096675543795 1367.0778487056973 89.92054245101667 89.873414284114
8 1164.4940588779973 1363.621178925539 86.95612896362059 86.91055447254962
10 947.5978053835115 1681.1409887315012 68.18151021011158 68.14577566597632
9 1174.8695060838836 1681.1409887315012 68.18151021011158 68.14577566597632
