0 1555.304146447476 386.0411496109332 191.74478979917444 191.7447897991745
13 1532.6307541625856 662.2840352595493 123.07933398628779 123.07933398628779
2 1311.3809990205682 830.7855044074436 143.59255631733618 143.59255631733606
3 1128.2272282076397 1365.594515181195 117.2184133202743 117.21841332027407
4 1191.2321253672872 1645.45347698335 96.70519098922614 96.70519098922591
12 1896.0078354554357 1623.4750244857985 87.91380999020566 87.91380999020566
1 1780.2546523016645 810.2722820763956 149.45347698334967 149.45347698334956
6 1343.6160626836433 1698.2017629774732 161.1753183153769 161.17531831537713
7 1378.781586679726 2301.8765915768854 126.00979431929477 126.009794319295
10 1356.8031341821743 2783.9373163565133 111.35749265426057 111.35749265426057
9 1750.9500489715965 2773.680705190989 90.84427032321241 90.84427032321264
8 1731.902056807052 2312.1332027424096 140.66209598432897 140.66209598432897
5 1717.249755142017 1696.7365328109695 146.52301665034224 146.52301665034247
11 1976.494744960896 1308.899647032384 120.7128260144832 120.71282601448297
