0 1598.4 461.4545454545455 259.1999999999998 259.1999999999999
13 1596.4363636363637 750.1090909090908 192.43636363636347 192.43636363636358
2 1311.7090909090907 983.7818181818179 235.6363636363635 235.6363636363635
1 1892.945454545455 1007.3454545454542 235.63636363636328 235.63636363636363
3 1233.1636363636367 1557.1636363636362 172.79999999999995 172.79999999999995
11 1971.490909090909 1529.6727272727267 172.80000000000018 172.79999999999995
4 1254.7636363636364 1869.3818181818178 129.5999999999999 129.60000000000014
12 1945.9636363636366 1916.5090909090907 129.5999999999999 129.5999999999999
6 1376.509090909091 1944.0000000000002 223.8545454545456 223.85454545454513
5 1843.8545454545456 1932.218181818182 223.85454545454513 223.85454545454536
8 1792.8000000000002 2615.5636363636377 223.85454545454513 223.85454545454513
7 1486.4727272727278 2607.709090909091 223.8545454545456 223.85454545454513
10 1504.1454545454553 3214.4727272727287 172.79999999999995 172.79999999999973
9 1790.8363636363642 3230.18181818182 172.79999999999973 172.79999999999973
