0 1302.439967767929 270.47864625302174 204.68654311039495 204.6865431103948
13 1317.060435132957 514.153102336825 116.96373892022552 116.96373892022564
2 1050.2369057211927 678.6333601933925 173.00886381950045 173.00886381950056
1 1526.6204673650282 696.9089443996775 194.9395648670427 194.93956486704258
3 1000.283642224013 1198.8783239323127 82.84931506849318 82.84931506849307
11 1622.8718775181305 1265.8887993553585 148.64141821112003 148.64141821112003
12 1716.6865431103947 1647.239323126511 87.7228041901692 87.7228041901692
5 1588.7574536663979 1587.539081385979 197.37630942788087 197.37630942788087
6 1165.982272360999 1581.447219983884 185.19258662369066 185.19258662369066
7 1228.119258662369 2255.2070910556004 168.13537469782432 168.13537469782432
8 1496.161160354553 2274.7010475423044 187.6293311845286 187.62933118452838
10 1234.211120064464 2719.4069298952454 121.83722804190188 121.83722804190211
9 1455.954875100725 2799.8195004029008 121.8372280419012 121.83722804190165
4 1079.5096481271282 1585.7979568671967 123.56867196367773 123.56867196367762
