0 1513.7162315550513 379.28717366628837 250.56980703745762 250.56980703745754
13 1501.7026106696935 593.8161180476731 130.43359818388194 130.43359818388194
2 1288.88989784336 827.2236095346198 178.4880817253122 178.4880817253121
1 1766.0022701475596 837.5209988649262 185.35300794551677 185.35300794551665
3 1201.3620885357548 1285.4574347332577 113.27128263337136 113.27128263337113
11 1851.8138479001136 1300.9035187287175 130.43359818388217 130.43359818388217
4 1194.4971623155504 1570.3518728717368 85.81157775255406 85.81157775255406
12 1877.5573212258796 1601.244040862656 85.81157775255383 85.8115777525536
6 1352.3904653802497 1573.784335981839 181.9205448354146 181.92054483541438
5 1704.2179341657206 1572.0681044267876 192.21793416572086 192.21793416572086
7 1343.8093076049945 2189.911464245176 137.29852440408627 137.29852440408604
10 1306.0522133938707 2804.3223609534616 102.97389330306464 102.97389330306441
9 1764.2860385925085 2850.660612939841 120.13620885357523 120.13620885357523
8 1742.8168676122696 2257.235190857011 162.2373704412896 162.23737044128984
