0 1778.88 594.7733333333333 181.33333333333326 181.33333333333314
13 1766.1866666666667 817.8133333333333 112.42666666666673 112.42666666666673
2 1543.146666666667 979.1999999999998 166.82666666666682 166.82666666666682
1 1958.4 999.1466666666665 163.1999999999996 163.1999999999997
3 1378.1333333333332 1427.0933333333332 119.68000000000006 119.67999999999984
11 2023.6799999999998 1405.3333333333335 97.91999999999985 97.91999999999985
4 1365.44 1722.6666666666667 87.03999999999996 87.03999999999996
6 1530.4533333333334 1782.5066666666667 148.69333333333316 148.69333333333316
5 1936.6399999999999 1764.3733333333334 141.43999999999983 141.43999999999983
7 1564.9066666666668 2270.293333333333 137.81333333333328 137.81333333333305
8 1829.6533333333332 2226.7733333333335 137.81333333333328 137.81333333333305
10 1546.7733333333333 2767.1466666666665 101.54666666666662 101.54666666666662
9 1831.4666666666667 2656.5333333333333 90.66666666666697 90.66666666666697
