0 1344.7352580075344 241.76816254959977 219.41376285284082 219.41376285284107
13 1337.8785779183831 447.46856522413816 130.27692169387433 130.27692169387427
2 1094.4664347535127 632.598927631223 178.2736823179332 178.2736823179332
1 1598.432421306132 642.8839477649499 185.1303624070847 185.1303624070846
3 1015.6146137282727 1102.2815137380858 143.99028187217687 143.99028187217687
11 1684.1409224205229 1107.714441472094 150.84696196132836 150.84696196132836
4 1046.4714124609684 1498.031682240217 115.19648112159223 115.19648112159234
12 1739.8656161351678 1504.6776330741545 119.62711501088438 119.62711501088415
6 1168.3138444164983 1307.5144250006613 190.5172572395561 190.51725723955633
5 1564.8555775081334 1314.1603758345984 203.809158907432 203.809158907432
7 1217.0508171987108 2051.8609184017173 172.7947216823884 172.79472168238863
8 1549.3483588956112 2065.1528200695943 181.6559894609718 181.65598946097202
10 1217.0508171987105 2676.5802967918908 128.48838278946823 128.48838278946823
9 1533.8411402830893 2674.364979847245 132.91901667876027 132.91901667876027
