0 1736.1804995970992 229.05398871877517 233.92747784045127 233.92747784045122
13 1727.6518936341658 469.0733279613215 90.15954875100738 90.15954875100732
2 1494.9427880741337 648.174053182917 160.82514101531024 160.82514101531024
3 1425.49556809025 1151.3618049959712 114.52699435938757 114.52699435938757
11 2021.279613215149 1142.8331990330378 141.33118452860572 141.33118452860572
12 2038.3368251410152 1544.8960515713134 97.46978243352146 97.46978243352146
6 1498.5979049153907 1421.8404512489928 187.6293311845286 187.6293311845286
5 1931.1200644641417 1430.3690572119258 194.9395648670427 194.9395648670427
7 1532.7123287671234 2199.1619661563254 163.26188557614842 163.26188557614796
8 1781.2602739726028 2223.5294117647063 168.13537469782432 168.13537469782432
10 1525.4020950846093 2701.1313456889607 119.4004834810637 119.40048348106393
9 1762.9846897663174 2755.958098307816 126.71071716357778 126.71071716357756
1 1917.0774231641976 617.335756328368 192.50282030620474 192.50282030620463
