0 1648.1418826739427 272.2837653478853 181.52251023192343 181.52251023192346
13 1617.2005457025925 472.3710777626194 103.13778990450214 103.13778990450214
2 1384.1091405184175 610.5757162346522 173.27148703956323 173.27148703956334
1 1846.1664392905868 647.7053206002729 165.02046384720347 165.02046384720336
3 1276.8458390177352 1093.2605729877216 140.26739427012285 140.26739427012262
11 1899.7980900409275 1155.1432469304232 123.76534788540243 123.76534788540243
4 1262.406548431105 1458.3683492496589 94.8867667121417 94.88676671214193
12 1887.4215552523874 1489.3096862210093 90.7612551159616 90.76125511596138
6 1402.673942701228 1417.1132332878583 202.15006821282418 202.15006821282418
5 1740.9658935879945 1433.6152796725783 210.40109140518416 210.40109140518393
7 1375.8581173260573 2198.897680763982 173.27148703956345 173.271487039563
8 1703.836289222374 2188.5839017735334 177.39699863574356 177.39699863574333
10 1392.3601637107777 2764.0927694406555 115.51432469304245 115.51432469304245
9 1641.9536152796725 2749.653478854025 111.38881309686212 111.38881309686212
