0 1502.019801980198 374.25742574257424 156.3564356435645 156.35643564356434
13 1512.0 590.4950495049504 163.0099009900989 163.00990099009908
2 1245.8613861386136 810.0594059405943 163.00990099009914 163.00990099009914
1 1781.4653465346532 796.7524752475247 156.35643564356428 156.3564356435644
3 1169.3465346534654 1249.188118811881 149.70297029702965 149.70297029702965
11 1872.9504950495048 1200.9504950495052 153.0297029702972 153.0297029702972
4 1195.425124171671 1598.0100640722908 101.28934401119636 101.28934401119636
12 1856.918593743974 1605.0065950057026 107.55839679561814 107.55839679561814
6 1319.540079518239 1688.1603832422634 140.4267823710568 140.4267823710568
5 1721.3863629997013 1671.233940724324 154.21869849678592 154.21869849678592
7 1394.7687129313051 2223.5374910319183 160.48775128120815 160.48775128120815
8 1701.9522993679925 2238.5832177145317 180.54872019135928 180.54872019135928
10 1389.753470703767 2743.86887213896 90.27436009567941 90.27436009567919
9 1735.9916972254973 2735.8721600980753 79.28228458496983 79.2822845849696
