0 1008.7332015810275 216.0869565217391 121.79446640316189 121.79446640316206
13 1010.697628458498 339.8458498023715 110.00790513833988 110.00790513833994
2 823.094861660079 486.195652173913 108.0434782608695 108.0434782608695
1 1173.7450592885375 473.42687747035575 106.07905138339925 106.07905138339925
3 748.4466403162055 774.9664031620555 115.90118577075111 115.90118577075111
11 1269.01976284585 753.3577075098815 119.83003952569175 119.83003952569197
4 767.108695652174 984.1778656126484 121.79446640316212 121.79446640316223
12 1263.126482213439 957.6581027667983 111.97233201581025 111.97233201581014
6 849.6146245059289 1005.7865612648222 110.00790513833977 110.00790513833988
5 1172.7628458498023 993.017786561265 115.901185770751 115.90118577075111
7 911.494071146245 1423.2272727272725 115.90118577075111 115.901185770751
8 1138.385375494071 1410.4584980237155 125.72332015810298 125.72332015810298
10 897.7430830039527 1814.1482213438735 100.18577075098813 100.18577075098824
9 1121.687747035573 1808.254940711462 104.11462450592876 104.11462450592876
