0 1750.240959948111 360.3619263823577 208.59413004702446 208.59413004702435
13 1701.9841089670829 614.0995621858281 130.7604994324629 130.76049943246312
2 1440.4631101021564 804.0136208853578 205.48078482244182 205.48078482244205
1 1938.5983460353496 841.3737635803473 205.48078482244182 205.48078482244205
3 1315.9293011188586 1317.7155829414633 186.80071347494732 186.8007134749471
11 1954.1650721582619 1305.2622020431331 186.80071347494754 186.8007134749471
4 1245.8790335657532 1615.0400518890876 115.1937733095508 115.19377330955058
12 1930.8149829738932 1580.7932544186806 115.1937733095508 115.19377330955058
6 1410.8863304686229 1577.6799091940984 158.7806064537051 158.7806064537051
5 1846.7546619101665 1596.359980541593 158.78060645370533 158.7806064537051
7 1456.0298362250692 2201.90562672288 161.89395167828798 161.89395167828752
8 1787.6011026431006 2166.102156640181 171.23398735203523 171.233987352035
10 1434.2364196529918 2765.4211123723057 149.44057077995785 149.44057077995785
9 1776.7043943570625 2706.267553105239 149.44057077995762 149.44057077995785
