0 1482.3955492626883 163.66638027780854 181.29625768625533 181.2962576862554
13 1456.496083878938 427.8409271920664 132.95058896992077 132.95058896992072
2 1120.666349402968 601.3673452631966 165.75657845600495 165.75657845600495
1 1794.0524493804892 677.3391103888656 148.49026820017093 148.49026820017116
3 1017.9318033807574 1104.680289220753 139.85711307225438 139.85711307225415
11 1841.5348025840326 1142.6661717835873 126.04406486758694 126.04406486758694
4 1035.1981136365914 1508.7119492072657 98.41796845825286 98.4179684582532
12 1789.7358718165306 1538.0646766421828 94.96470640708617 94.96470640708617
6 1168.1487026065124 1503.5320561305143 164.02994743042177 164.02994743042177
5 1696.4977964350278 1498.3521630537641 157.12342332808817 157.12342332808794
7 1262.2500935008065 2217.493985209245 189.92941281417234 189.92941281417234
8 1626.5692398989013 2220.947247260412 183.02288871183873 183.02288871183873
10 1251.8903073473057 2896.0599782635163 110.50438563733633 110.50438563733633
9 1628.295870924484 2882.246930058848 107.05112358616975 107.05112358616998
