0 2066.3427922814985 279.7457434733258 188.7854710556187 188.78547105561861
13 2002.4456208043866 573.1019956825987 128.72034295724166 128.72034295724148
2 1754.9762290626481 786.1250984639485 188.54810799370534 188.54810799370546
1 2259.8863067188695 774.3408417143421 150.4758938795917 150.47589387959204
3 1679.7382821228525 1229.3944485068434 150.47589387959238 150.47589387959215
11 2274.39000733377 1223.9555607762559 128.72034295724143 128.72034295724166
4 1627.1623673938382 1546.66289945779 85.20924111253998 85.20924111253976
6 1832.9336198677383 1529.4397549775954 206.6777337623314 206.67773376233094
5 2167.4252152988797 1497.7129098825012 179.4832951093931 179.4832951093931
7 1870.0993526934203 2126.810924053808 179.48329510939288 179.48329510939266
8 2143.8567017996656 2099.616485400869 168.60551964821798 168.60551964821752
10 1921.7687861340037 2619.0302636719916 108.77775461175338 108.77775461175315
9 2113.942819281434 2582.77101213474 94.27405399685222 94.27405399685222
