0 2012.7272727272727 223.85454545454533 223.85454545454513 223.8545454545452
13 1968.3290891283054 556.8188050930461 145.55142017629782 145.55142017629782
3 1577.3712047012737 1364.1214495592558 148.93633692458366 148.93633692458366
2 1761.8491674828597 675.2908912830555 145.5514201762976 145.5514201762977
11 2242.507345739471 1457.2066601371212 125.24191968658215 125.24191968658192
12 2174.809010773751 1772.0039177277179 125.24191968658215 125.2419196865817
4 1497.8256611165525 1704.305582761998 132.0117531831536 132.01175318315381
6 1687.3809990205677 1721.230166503428 165.86092066601395 165.8609206660135
5 2054.6444662095982 1743.2321253672872 142.16650342801154 142.16650342801154
7 1602.7580803134183 2601.3085210577865 159.09108716944183 159.09108716944183
10 1555.3692458374144 3217.3633692458375 138.7815866797257 138.78158667972548
9 1838.0097943192945 3175.0519098922628 121.85700293829564 121.85700293829541
8 1941.2497551420176 2604.6934378060732 172.63075416258607 172.63075416258607
1 2161.269343780607 753.1439764936333 152.32125367286972 152.3212536728696
