0 1666.977649925506 334.3417822820505 165.0512313136387 165.05123131363868
13 1622.6583378135103 562.0513514092007 137.54269276136574 137.54269276136574
2 1349.101204432572 795.8739291035225 152.82521417929524 152.82521417929524
1 1864.122176216797 791.2891726781438 125.31667562702205 125.31667562702228
3 1274.216849484717 1318.0266820313764 119.20366705985066 119.20366705985066
4 1205.4455031040343 1695.5049610542358 110.03415420909278 110.03415420909278
5 1812.161603395837 1538.0949904495615 137.5426927613662 137.5426927613662
7 1494.2851579029027 2333.804876758354 143.65570132853782 143.65570132853782
10 1543.1892264402773 2801.4500321469977 125.3166756270225 125.3166756270225
9 1746.4467612987396 2772.4132414529313 140.599197044952 140.59919704495178
6 1378.1332584814 1538.1017570856156 143.6557013285376 143.6557013285376
8 1761.723869407825 2307.82662033869 146.71085228491233 146.71085228491256
11 1890.0293829578845 1263.5847208619007 100.8423114593536 100.8423114593536
