0 1423.9036144578313 468.62650602409633 131.0843373493974 131.08433734939746
13 1410.7951807228915 619.3734939759037 58.98795180722891 58.98795180722891
2 1110.9397590361446 797.9759036144578 134.3614457831327 134.36144578313247
1 1659.8554216867478 789.7831325301206 157.30120481927747 157.30120481927713
3 1056.867469879518 1271.5180722891564 124.53012048192784 124.53012048192772
11 1764.722891566265 1297.734939759036 124.53012048192772 124.53012048192772
4 1084.7228915662652 1568.0963855421683 68.81927710843365 68.81927710843343
12 1684.4337349397592 1600.867469879518 81.92771084337369 81.92771084337369
6 1169.9277108433735 1420.6265060240962 147.46987951807228 147.46987951807228
5 1569.734939759036 1427.1807228915663 167.132530120482 167.132530120482
7 1228.9156626506024 2236.626506024096 134.3614457831327 134.3614457831327
8 1517.301204819277 2226.795180722891 134.3614457831327 134.3614457831327
10 1245.301204819277 2869.1084337349394 88.48192771084314 88.48192771084314
9 1464.867469879518 2862.5542168674697 95.03614457831304 95.03614457831281
