0 1877.107776261938 332.1036834924966 210.40109140518393 210.40109140518416
13 1842.0409276944067 610.5757162346522 132.01637107776287 132.01637107776276
2 1590.3847203274215 796.2237380627557 206.27557980900383 206.27557980900394
1 2052.4420190995907 841.6043656207366 165.0204638472028 165.02046384720302
3 1388.2346521145976 1270.6575716234652 148.51841746248283 148.51841746248306
11 2071.0068212824012 1338.7285129604365 144.39290586630273 144.39290586630295
4 1330.4774897680763 1567.6944065484313 107.26330150068202 107.26330150068202
6 1559.443383356071 1639.8908594815825 251.65620736698497 251.65620736698497
5 1854.4174624829461 1703.8362892223743 189.77353342428364 189.7735334242834
7 1503.7489768076398 2145.2660300136426 173.27148703956368 173.2714870395639
8 1771.907230559345 2165.893587994543 181.5225102319239 181.52251023192366
10 1472.8076398362891 2642.3901773533426 111.3888130968619 111.38881309686167
9 1712.0873124147338 2646.5156889495224 103.13778990450214 103.13778990450191
12 1974.1629892216542 1606.5769886767753 79.28611759678392 79.28611759678392
