0 1495.0485436893196 264.4533333333333 146.4077669902913 146.29333333333327
13 1511.9417475728155 427.62666666666667 95.72815533980588 95.65333333333331
1 1652.7184466019417 540.1600000000001 146.40776699029152 146.29333333333335
2 1358.4951456310687 606.2733333333331 149.22330097087388 149.10666666666668
3 1289.514563106796 964.9733333333335 84.46601941747576 84.40000000000009
11 1744.2233009708739 870.7266666666667 115.43689320388353 115.3466666666668
5 1659.7572815533977 1197.0733333333335 137.96116504854376 137.85333333333347
10 1358.4951456310678 2027.0066666666667 92.91262135922307 92.83999999999992
9 1559.8058252427186 2090.306666666667 101.35922330097083 101.27999999999997
12 1773.7864077669901 1181.6000000000004 78.83495145631105 78.77333333333377
7 1368.7648229725312 1647.7354846229268 112.62135922330071 112.53333333333353
8 1585.908347866638 1658.9888179562608 112.62135922330094 112.5333333333333
6 1358.830064687058 1204.5704367795802 140.55164298351542 140.4749089616987
