0 1807.0360169491526 553.0233050847457 207.15254237288127 207.15254237288133
13 1787.0452079566003 735.6564195298373 119.97830018083187 119.97830018083187
2 1472.8915009041589 999.2929475587705 211.54068716094048 211.54068716094037
1 2082.2549728752256 1005.6075949367093 211.54068716094002 211.54068716094014
11 2189.6039783001806 1583.3978300180831 167.33815551537054 167.33815551537054
12 2158.030741410488 1899.130198915009 97.87703435804679 97.87703435804679
7 1596.0271247739602 2637.9439421338157 167.33815551537077 167.33815551537054
8 1908.6021699819169 2656.8878842676313 186.2820976491862 186.2820976491862
10 1607.0777576853525 3157.323688969259 138.9222423146473 138.92224231464706
9 1868.7397987648183 3220.0712452600283 121.82136082591114 121.82136082591114
3 1318.4779627815865 1585.2517140058767 133.38687561214488 133.3868756121451
6 1462.1253672869734 2029.874632713027 167.58863858961809 167.58863858961809
5 1976.8619000979431 2014.4838393731638 171.00881488736513 171.0088148873656
