0 1581.6843108811886 398.72034038583115 172.3291710988667 172.3291710988667
13 1574.081553332709 616.6660567755746 131.78113084030997 131.78113084030986
2 1330.7933117813675 791.5294803906008 187.53468619582554 187.53468619582543
1 1754.013481980056 849.8172882622766 162.1921610342274 162.19216103422752
3 1242.094473715775 1181.8043678792112 152.05515096958834 152.05515096958834
4 1167.3340244890605 1499.8530586572674 129.24687832414998 129.24687832414998
11 1751.4792294638955 1186.872872911531 152.0551509695881 152.05515096958834
12 1680.5201590114189 1455.503639624471 116.57561574335091 116.57561574335091
6 1304.1836603616866 1466.9077759471897 174.86342361502648 174.86342361502625
7 1357.4029632010424 2062.457117244746 174.86342361502648 174.8634236150267
8 1557.6089119776673 2064.9913697609054 174.86342361502648 174.86342361502648
10 1419.4921498469575 2568.0404942186287 141.91814090494904 141.91814090494927
9 1556.3417857195877 2545.232221573191 141.91814090494904 141.91814090494927
5 1627.8707149853085 1428.5994123408427 149.45347698334967 149.45347698334967
