0 1493.7244157937148 198.59468170829987 216.8702659145854 216.87026591458522
2 1214.7171635777597 606.7493956486703 204.68654311039472 204.68654311039484
1 1814.156325543916 635.9903303787269 185.19258662369043 185.19258662369066
13 1508.344883158743 417.90169218372284 119.4004834810637 119.40048348106365
3 1098.9717969379533 1109.9371474617244 138.894439967768 138.894439967768
4 1068.5124899274779 1474.2304593070105 116.96373892022575 116.96373892022575
11 1892.1321514907331 1208.6253021756647 155.95165189363433 155.9516518936341
12 1927.4649476228847 1533.9307010475422 129.1474617244155 129.1474617244155
6 1243.9580983078163 1542.4593070104752 229.05398871877514 229.05398871877537
5 1734.96212731668 1546.1144238517322 207.12328767123313 207.12328767123267
7 1268.3255439161967 2295.413376309428 190.0660757453668 190.06607574536656
8 1652.112812248187 2306.378726833199 187.62933118452838 187.62933118452838
10 1231.7743755036258 2833.933924254633 121.83722804190143 121.8372280419012
9 1633.8372280419017 2853.4278807413375 131.5842062852539 131.5842062852539
