0 1454.3315508021392 296.1497326203209 236.36363636363626 236.36363636363637
13 1465.4545454545457 568.6631016042782 164.0641711229946 164.0641711229946
2 1241.6042780748662 859.2513368983956 205.7754010695187 205.7754010695187
1 1731.0160427807486 798.0748663101604 222.45989304812838 222.45989304812827
3 1240.2139037433155 1291.6577540106953 147.37967914438514 147.37967914438514
11 1826.951871657754 1277.7540106951874 152.94117647058806 152.94117647058806
12 1925.6684491978608 1648.9839572192514 122.35294117647095 122.35294117647095
6 1331.9786096256685 1547.4866310160428 186.31016042780743 186.3101604278079
5 1710.1604278074865 1564.1711229946525 214.11764705882342 214.11764705882342
7 1455.7219251336896 2252.4064171122996 177.9679144385027 177.9679144385027
8 1655.9358288770054 2244.0641711229946 189.090909090909 189.090909090909
10 1514.1176470588236 2777.9679144385027 133.47593582887703 133.47593582887703
9 1648.9839572192514 2834.9732620320856 141.81818181818176 141.81818181818153
