0 1282.7464635473348 283.51468988030445 163.808487486398 163.80848748639804
13 1306.6877040261165 441.0228509249184 100.80522306855278 100.80522306855278
2 1149.1795429815015 608.6115342763874 158.76822633297047 158.76822633297058
1 1488.1371055495101 582.1501632208921 151.20783460282905 151.20783460282905
3 1105.077257889011 907.2470076169755 105.84548422198054 105.84548422198043
11 1655.7257889009798 926.1479869423285 118.4461371055495 118.4461371055495
12 1708.6485310119697 1145.3993471164308 83.16430903155583 83.16430903155583
5 1500.7377584330795 1212.182807399348 146.16757344940152 146.16757344940152
7 1174.3808487486397 1563.7410228509254 143.64744287268786 143.64744287268786
8 1404.9727965179554 1653.2056583242666 146.1675734494013 146.1675734494013
10 1155.479869423286 1995.943416757344 90.7247007616977 90.7247007616977
9 1360.8705114254628 2085.408052230686 98.2850924918389 98.28509249183912
6 1176.2694174757282 1207.1868932038838 160.20873786407765 160.20873786407788
