0 669.0454545454545 101.98863636363637 107.69999999999993 107.7
13 669.208329535648 235.71312155082796 54.93473023592219 54.93473023592219
2 553.189458962767 314.0156101706872 83.63197737409047 83.63197737409047
1 824.5834247551592 341.8929359620506 75.43276390604251 75.43276390604245
3 556.4691443499868 576.390441148226 68.87339313160396 68.87339313160385
4 555.2392623297792 786.7002666036594 54.93473023592219 54.93473023592219
6 635.6131750488305 714.2551430013449 92.67705706755919 92.67705706755942
5 809.7374127064975 716.5400950574323 89.01219224941462 89.01219224941451
7 691.0271104897047 1117.677337090097 82.4919851065124 82.49198510651217
8 789.7394297463738 1113.506394022914 79.7113563950569 79.71135639505701
10 712.3452639441969 1359.592034986723 63.95446036347596 63.954460363475846
9 776.7631624262485 1351.7135869709327 59.32007917771682 59.32007917771671
11 836.8462291870715 566.8050930460336 42.19392752203726 42.19392752203714
