0 1508.5675368898974 298.6242905788877 240.27241770715113 240.27241770715116
13 1493.1214528944379 550.9103291713961 168.19069239500595 168.19069239500584
2 1230.5380249716231 751.7094211123723 205.9477866061295 205.9477866061295
1 1729.9614074914869 763.72304199773 175.05561861521028 175.05561861521016
3 1148.1589103291717 1208.2270147559589 205.9477866061295 205.94778660612974
4 1112.1180476730983 1608.1089670828596 147.59591373439298 147.59591373439298
6 1271.7275822928482 1506.8513053348463 199.0828603859252 199.08286038592541
7 1347.2417707150953 2200.20885357548 199.0828603859252 199.08286038592541
8 1580.6492622020414 2155.5868331441543 199.08286038592541 199.08286038592541
10 1407.3098751418825 2747.6867196367757 154.46083995459708 154.4608399545973
9 1548.0408626560707 2720.227014755958 154.4608399545973 154.46083995459685
11 1801.608736104002 1182.8582997315023 140.04110930988918 140.04110930988918
5 1687.173888790992 1430.8754095070503 175.13218492492274 175.1321849249225
12 1747.4632713026442 1504.5954946131244 88.85406464250718 88.85406464250764
