0 1486.8748894157482 276.89925552157945 175.77548517258856 175.77548517258893
13 1469.8643585925947 566.0782795151932 130.41406964417888 130.41406964417882
2 1149.4993614231983 768.7871051577755 167.27021976101196 167.27021976101196
1 1726.439865175164 780.127459039878 164.4351312904862 164.4351312904862
3 1104.8467180124198 1193.3416036189883 131.83161387944187 131.83161387944187
11 1801.5697096440927 1196.885464207145 130.41406964417888 130.41406964417888
4 1097.050224718475 1505.9101074944379 90.72283105682004 90.72283105682027
12 1819.9977847025098 1522.920638317592 90.72283105682004 90.72283105682004
6 1223.2116616568655 1503.075019023913 155.9298658789096 155.92986587890937
5 1683.9135381172803 1494.5697536123364 161.60004281996044 161.60004281996044
7 1252.271318479753 2121.8330777161304 160.1824985846979 160.1824985846979
8 1701.632841058065 2106.240091128239 160.1824985846979 160.18249858469767
10 1200.5309538926595 2654.1209380573164 96.39300799787111 96.39300799787134
9 1746.2854844688432 2637.1104072341623 90.72283105682004 90.72283105682027
