0 940.4948921679909 344.9625425652667 188.78547105561847 188.78547105561856
13 929.9033128018791 601.3191078714399 118.07598984019592 118.07598984019592
2 681.1900576065727 819.8853018309512 143.19854087002477 143.19854087002477
1 1194.9462261665738 843.7517253092885 170.8333470028365 170.8333470028365
3 613.3591698260346 1344.9466183543755 123.10050004616164 123.10050004616164
4 703.8003535334188 1601.1966388586297 103.00245922229851 103.00245922229828
12 1365.7795731694105 1660.234633778728 95.4656939133497 95.46569391334947
6 800.5221749982601 1577.3302153802924 140.68628576704168 140.6862857670419
5 1157.2623996218306 1574.8179602773098 150.7353061789736 150.73530617897313
7 875.8898280877465 2248.1023278767243 130.63726535511034 130.63726535511069
8 1154.7501445188473 2255.639093185673 140.6862857670419 140.68628576704214
10 923.6226750444218 2727.943052546456 100.49020411931554 100.49020411931588
9 1177.3604404456935 2753.065603576285 110.53922453124733 110.53922453124733
11 1323.0712364187011 1347.181332645926 147.50898418007705 147.50898418007705
