0 1458.4778761061948 175.61946902654864 267.61061946902646 267.61061946902646
13 1453.4601769911505 464.9734513274336 204.05309734513276 204.0530973451328
2 1157.4159292035397 680.7345132743362 240.84955752212386 240.84955752212397
1 1771.2477876106195 675.716814159292 257.5752212389382 257.57522123893807
3 1102.2212389380531 1194.212389380531 210.74336283185824 210.74336283185835
6 1232.681415929204 1388.230088495575 237.50442477876118 237.50442477876095
5 1731.1061946902655 1364.8141592920351 237.50442477876095 237.50442477876118
7 1354.7787610619466 2085.690265486726 254.23008849557505 254.2300884955755
8 1649.1504424778761 2129.1769911504425 254.23008849557527 254.23008849557527
10 1396.5929203539822 2619.2389380530976 190.67256637168134 190.67256637168157
11 1873.7364582163514 1158.0667259438076 148.89029069493677 148.89029069493654
4 1129.1645989689985 1514.030785816709 115.98585751343853 115.98585751343853
12 1879.6847779207862 1479.3817673906829 116.92285482588841 116.92285482588841
9 1617.0935223830593 2662.1657334766114 113.18541955751994 113.18541955751971
