0 1639.00113507378 418.7604994324631 164.75822928490356 164.7582292849035
13 1642.14641442289 613.0515596061857 132.0972172086722 132.09721720867208
2 1386.8699355976923 785.093763558481 153.2773617400203 153.2773617400204
1 1895.7507765745604 775.6184357418254 164.42480623020379 164.42480623020379
3 1358.1652660354703 1195.2267970770579 123.73663384103475 123.73663384103475
11 1913.865373871108 1192.4399359545118 122.62188939201678 122.62188939201656
4 1355.3784049129245 1533.9232961575935 92.52378926852134 92.52378926852134
12 1909.1277099627803 1546.4641712090495 96.42539484008557 96.42539484008557
6 1461.0004414574114 1465.4594192534846 195.63765080271673 195.63765080271696
5 1797.653265060947 1468.2462803760304 194.52290635369832 194.52290635369854
7 1533.4588306436026 2049.399680108402 161.08057288314876 161.08057288314876
8 1718.5064091806457 2044.9407023123285 167.7690395772588 167.76903957725858
10 1561.6061279813157 2594.602588369584 113.70393379987013 113.7039337998699
9 1692.0312285164605 2599.618938390166 112.58918935085126 112.58918935085148
