0 1549.7570942111238 326.08399545970497 260.8671963677641 260.86719636776417
13 1553.189557321226 490.8422247446084 116.70374574347352 116.70374574347346
2 1324.9307604994324 705.3711691259932 147.59591373439275 147.59591373439275
1 1784.8808172531217 701.938706015891 147.59591373439275 147.59591373439252
3 1233.9704880817253 1139.577752553916 102.97389330306487 102.97389330306487
11 1868.976163450624 1132.7128263337117 96.10896708286032 96.10896708286032
4 1197.9296254256526 1402.161180476731 78.94665153234973 78.94665153234973
12 1880.9897843359818 1381.5664018161183 85.81157775255406 85.81157775255406
6 1350.6742338251988 1366.1203178206583 226.54256526674249 226.54256526674249
5 1723.0964812712823 1364.404086265607 223.11010215664032 223.1101021566401
7 1381.5664018161178 2110.964812712826 137.29852440408627 137.29852440408627
8 1642.4335981838822 2114.3972758229283 137.29852440408627 137.29852440408627
10 1386.715096481271 2679.0374574347334 99.54143019296271 99.54143019296271
9 1587.5141884222471 2670.4562996594786 102.97389330306464 102.97389330306441
