13 1620.1225879682179 729.3984108967084 127.00113507377978 127.00113507377989
2 1378.133938706016 933.6299659477867 199.08286038592496 199.0828603859252
1 1839.8002270147558 935.3461975028376 188.7854710556187 188.78547105561847
3 1263.1464245175935 1391.8637911464243 106.4063564131668 106.4063564131668
11 1863.827468785471 1405.5936435868339 92.67650397275816 92.67650397275816
12 1814.0567536889898 1626.9875141884222 82.37911464245167 82.37911464245167
6 1438.2020431328037 1707.650397275823 229.97502837684465 229.97502837684488
5 1735.1101021566403 1709.366628830874 219.67763904653793 219.67763904653793
7 1451.9318955732122 2249.9795686719626 113.27128263337136 113.27128263337136
8 1747.123723041998 2239.6821793416575 120.13620885357591 120.13620885357568
10 1487.9727582292849 2769.99772985244 102.97389330306487 102.97389330306487
9 1717.9477866061293 2728.8081725312145 109.83881952326897 109.8388195232692
0 1664.246269208632 480.1485949844531 182.91722321724296 182.91722321724302
4 1240.4358758154258 1685.5189418729542 86.40684259621798 86.40684259621798
