0 1459.2 281.6000000000001 166.4000000000001 166.4000000000002
13 1492.1053069612194 583.8442539856076 150.40029617289065 150.40029617289088
1 1730.4319301274927 838.3678321243463 210.56041464204714 210.56041464204725
3 1201.7170428120223 1299.9810488396035 120.32023693831252 120.32023693831252
11 1783.6504964655928 1363.6119433742883 178.16650469711703 178.1665046971168
12 1895.8722559176722 1693.3356695994726 83.29862557267802 83.29862557267825
4 1271.1325641225874 1607.7231933164412 83.29862557267779 83.29862557267779
5 1704.979572313619 1588.055462278448 196.67731037993394 196.67731037993394
10 1302.369548712342 2740.353116033827 94.86787912443879 94.86787912443879
9 1677.2133637893926 2876.870307944605 104.12328196584735 104.12328196584758
2 1266.075604619739 775.8006690467328 187.42190753852537 187.4219075385255
6 1350.1207249620243 1625.3754828349715 171.2249525660602 171.22495256606044
7 1317.3163844315266 2288.3214808033454 175.85265398676484 175.85265398676484
8 1670.2252147092831 2338.7503413998966 205.93271322134296 205.93271322134296
