0 1233.1367968144318 362.6575618705926 267.24390305283623 267.24390305283623
13 1234.1050718254928 613.4407897353916 152.98745174763803 152.98745174763803
2 942.6542934961315 839.0488673126044 205.27430234493215 205.27430234493204
1 1533.302050243341 875.8433177329225 201.40120230068828 201.40120230068817
3 839.0488673126042 1353.2028981859953 156.86055179188236 156.86055179188224
11 1613.6688761614041 1372.5683984072157 145.24125165915007 145.24125165915007
4 858.4143675338246 1688.2260520131015 102.63715117246625 102.63715117246602
12 1595.2716509512456 1665.9557267586988 104.57370119458824 104.57370119458824
6 1017.2114693478283 1599.1447509954896 180.09915205734592 180.09915205734592
5 1449.062124281034 1591.398550907001 180.09915205734592 180.09915205734615
7 1069.4983199451224 2319.5413592248733 164.6067518803701 164.6067518803702
8 1418.077323927083 2319.5413592248733 172.35295196885795 172.35295196885772
10 1064.6569448898174 2775.5988894346046 100.70060115034403 100.70060115034403
9 1419.0455989381435 2769.7892393682396 100.70060115034403 100.70060115034403
