0 1285.079365079365 273.3714285714286 140.19047619047615 140.1904761904762
13 1246.730656219393 418.46033300685605 97.31635651322244 97.31635651322244
3 965.5945151811949 857.4652301665035 88.66601371204706 88.66601371204695
4 951.537708129285 1063.9921645445643 69.2027424094025 69.20274240940239
12 1435.9569049951028 1092.105778648384 69.20274240940262 69.20274240940262
11 1437.0381978452497 920.1802154750244 88.66601371204706 88.66601371204695
6 1082.3741429970617 1099.6748285994126 118.94221351616079 118.94221351616079
5 1338.6405484818806 1102.9187071498532 116.77962781586666 116.77962781586689
7 1097.5122428991185 1532.1919686581782 101.64152791381002 101.64152791381002
10 1110.4877571008815 1839.2791380999022 84.34084231145926 84.34084231145926
9 1229.4299706170423 1830.6287952987268 71.36532810969652 71.36532810969652
8 1261.8687561214492 1532.1919686581782 88.66601371204683 88.66601371204706
2 1011.5546730160345 515.9474078370711 101.64152791381002 101.64152791380997
1 1446.1308562859067 558.3195870037923 99.47894221351635 99.47894221351618
