0 1457.855991557324 377.36617632882115 251.33951075771301 251.33951075771316
13 1462.7842172584558 611.4568971325732 167.55967383847565 167.55967383847553
2 1210.828678288101 854.788041125948 210.6816487233773 210.6816487233773
1 1748.621307924092 850.4758436374574 214.37781799922573 214.37781799922573
3 1134.4411799205595 1300.792467078361 144.15060175810027 144.15060175810027
11 1864.4346119006827 1277.999423210627 152.77499673508032 152.77499673508032
4 1143.065574897541 1590.3257270198442 119.50947325244215 119.50947325244215
12 1894.0039661074748 1586.0135295313546 118.27741682715896 118.27741682715896
6 1295.2245434199804 1668.5613100253058 192.2008023441333 192.2008023441333
5 1709.195502315038 1668.561310025308 197.1290280452647 197.1290280452647
7 1405.4935934828 2251.940027396766 173.71995596489 173.71995596489023
8 1685.17040202202 2248.2438581209162 181.11229451658733 181.11229451658755
10 1462.168189045814 2713.9611868778557 114.58124755131053 114.58124755131075
9 1677.7780634703236 2720.1214690042707 117.04536040187622 117.04536040187622
