0 749.2021276595744 122.07446808510639 86.17021276595733 86.17021276595746
13 753.9893617021276 227.3936170212766 76.595744680851 76.59574468085111
2 611.5691489361702 345.8776595744681 88.56382978723411 88.56382978723406
1 908.3776595744682 336.30319148936184 93.35106382978722 93.35106382978722
3 605.1597713093033 594.8930264976223 59.99881895269141 59.99881895269141
11 927.9081655272273 593.0886938853769 70.97555620057665 70.97555620057653
4 623.1761579269257 785.1855796891111 60.174928083097484 60.1749280830976
12 930.2225858381156 800.6150484283671 72.51850307450218 72.51850307450218
6 637.0626797922557 785.1855796891114 72.51850307450218 72.51850307450206
5 871.5906046289433 782.0996859412601 72.51850307450206 72.51850307450206
7 696.4661344383908 1164.4933214711482 89.49091868768357 89.49091868768346
8 816.0445171676229 1169.8936355298874 94.11975930946005 94.11975930946005
10 708.8097094297952 1474.6256431301892 67.88966245272536 67.88966245272559
9 791.3573671848137 1475.3971165671524 72.51850307450229 72.51850307450218
