0 1535.9527353677306 509.08776937478166 195.96659656353995 195.96659656353984
13 1563.3880588866264 744.2476852510295 188.12793270099814 188.12793270099826
2 1310.5911493196597 1040.1572460619745 207.72459235735232 207.72459235735232
1 1927.8859284948103 1046.0362439588807 219.48258815116446 219.48258815116446
11 2051.34488432984 1604.5410441649697 160.6926091821024 160.69260918210261
3 1259.6398342131392 1561.4283929209905 160.69260918210261 160.6926091821024
4 1401.8202759173241 1936.7721944814953 119.33030551252205 119.33030551252205
12 2083.137993842465 2022.7876898538034 114.20123723561642 114.20123723561665
6 1438.3188128657525 1868.198210181201 139.26980150684926 139.26980150684903
5 1921.5850240945203 1891.874076437365 142.05519753698627 142.05519753698627
7 1580.3740104027395 2699.1746358363744 161.55296974794555 161.55296974794555
8 1885.3748757027397 2733.9920862130875 175.47994989863037 175.47994989863037
10 1622.154950854794 3217.2582974418538 122.55742532602744 122.55742532602744
9 1863.0917074616434 3279.9297081199365 142.05519753698673 142.05519753698673
