0 1424.2278203723986 339.49616648411836 142.42278203724004 142.42278203723993
13 1396.0744797371303 622.6856516976999 86.11610076670308 86.11610076670308
2 1066.5147864184007 799.8860898138007 182.16867469879537 182.16867469879514
1 1656.0788608981375 846.2562979189486 182.16867469879503 182.16867469879526
3 947.2771084337352 1333.1434830230014 122.54983570646232 122.54983570646232
11 1672.6396495071194 1359.6407447973716 122.54983570646277 122.54983570646255
4 886.0021905805038 1652.7667031763422 105.9890470974808 105.9890470974808
12 1622.9572836801754 1651.1106243154436 89.42825848849952 89.42825848849952
6 1064.8587075575026 1599.7721796276014 192.10514786418378 192.1051478641839
5 1502.0635268346116 1646.1423877327493 198.7294633077763 198.72946330777677
7 1121.1653888280393 2315.1982475355967 165.60788608981397 165.6078860898142
8 1410.9791894852137 2300.2935377875137 168.92004381161019 168.92004381160996
10 1142.6944140197152 2797.117196056955 89.42825848849952 89.42825848849952
9 1376.2015334063526 2785.5246440306682 99.36473165388838 99.36473165388816
