0 706.5911016949153 96.59533898305081 85.18644067796606 85.18644067796603
2 556.45 309.22954545454553 110.9636363636364 110.96363636363643
1 822.4363636363637 309.2295454545456 110.96363636363628 110.9636363636364
13 700.8659090909091 208.8727272727275 76.69545454545471 76.69545454545462
3 514.8386363636363 548.2909090909093 86.4863636363637 86.4863636363637
11 867.3113636363639 564.6090909090912 86.48636363636376 86.48636363636365
4 514.8386363636364 713.1045454545458 66.90454545454554 66.90454545454543
12 877.1022727272726 714.736363636364 66.90454545454554 66.90454545454554
6 587.4545454545453 686.1795454545456 101.17272727272734 101.17272727272746
5 801.2227272727271 676.3886363636368 101.17272727272746 101.17272727272734
7 613.5636363636362 1007.6477272727278 101.17272727272734 101.17272727272734
8 762.0590909090909 1004.3840909090916 101.17272727272734 101.17272727272746
10 620.9068181818182 1336.459090909092 73.43181818181824 73.43181818181824
9 740.0295454545455 1341.3545454545465 73.43181818181824 73.43181818181824
