0 1536.0272417707151 470.24744608399556 178.48808172531244 178.48808172531227
13 1523.984129641724 746.0195170841735 132.34626811096632 132.34626811096643
2 1342.6878719554688 947.2583631159171 193.98699572429337 193.98699572429325
1 1794.115553594245 925.5028121935665 154.1018190333175 154.1018190333175
3 1317.3063958793932 1420.4415956770438 146.84996872586703 146.8499687258668
11 1817.684067093458 1349.7360551794045 106.9647920348907 106.9647920348907
4 1253.8527056892035 1777.595223318967 96.08701657371535 96.08701657371557
6 1419.7387814721274 1609.8961849591803 192.1740331474307 192.1740331474307
7 1453.2785891440844 2281.5988196867565 164.97959449449218 164.97959449449218
8 1705.28038732798 2181.885877959316 143.22404357214168 143.22404357214145
10 1495.8832097003547 2831.8329617645422 112.40367976547827 112.4036797654785
9 1734.2877885577805 2785.6024160545476 99.71294172744047 99.71294172744047
5 1718.1864832584856 1536.162048181619 159.05445328268092 159.05445328268092
