0 1039.5104721065172 194.61177738135015 107.74519941012204 107.74519941012215
13 1030.8133347457 353.8808025934313 76.68352030089761 76.68352030089773
1 1079.8325470899458 494.1436973210226 108.71587688228533 108.71587688228527
11 1123.513033337292 752.3439049164505 91.24368238334637 91.2436823833466
12 1135.1611630032507 1022.1922421778372 58.24064832979593 58.24064832979593
6 862.8861320614567 925.6098336975929 82.50758513387723 82.50758513387734
5 1049.256206716803 929.4925435862457 94.15571479983635 94.15571479983623
7 909.4786507252927 1339.1184368391423 99.97977963281619 99.97977963281619
8 1063.3310300631701 1444.436942568857 112.59858677093848 112.59858677093825
10 902.1985696840682 1683.2236007210186 62.12335821844886 62.12335821844886
9 1065.2723850074967 1817.17709187955 83.47826260604063 83.47826260604074
