0 1742.4385026737962 595.6363636363636 204.83422459893063 204.83422459893046
13 1733.0053475935829 785.6470588235294 148.23529411764707 148.23529411764707
2 1485.048128342246 1014.7379679144386 180.57754010695203 180.57754010695203
1 1989.048128342246 1012.0427807486631 169.79679144385045 169.79679144385034
3 1398.8021390374333 1440.5775401069518 121.28342245989302 121.28342245989325
11 2001.1764705882358 1436.5347593582887 113.19786096256712 113.19786096256689
4 1340.855614973262 1746.48128342246 75.46524064171126 75.46524064171149
12 2005.2192513368984 1702.0106951871655 88.94117647058783 88.94117647058783
6 1533.5614973262032 1723.5721925133687 169.79679144385 169.79679144385
5 1892.0213903743315 1712.7914438502676 159.01604278074865 159.01604278074865
7 1533.5614973262032 2359.636363636364 153.62566844919775 153.6256684491982
8 1828.6844919786097 2350.2032085561495 161.71122994652387 161.71122994652387
10 1533.5614973262032 2882.502673796791 121.28342245989279 121.28342245989325
9 1805.775401069519 2877.1122994652405 121.28342245989325 121.28342245989325
