0 1334.6030013642567 226.90313778990455 222.77762619372447 222.77762619372453
13 1307.7871759890859 501.2496589358799 144.39290586630295 144.3929058663029
2 969.4952251023192 728.1527967257845 218.65211459754437 218.65211459754437
1 1592.447476125512 773.5334242837654 185.64802182810377 185.64802182810377
3 872.5457025920873 1287.1596180081856 140.26739427012274 140.26739427012285
11 1691.4597544338335 1359.3560709413368 144.39290586630295 144.39290586630273
4 915.8635743519782 1611.0122783083225 103.13778990450191 103.13778990450214
12 1641.9536152796725 1639.8908594815828 94.88676671214216 94.88676671214216
6 1093.2605729877218 1598.635743519782 259.9072305593452 259.9072305593452
5 1491.3724420190997 1592.4474761255112 231.02864938608468 231.02864938608445
7 1122.1391541609823 2287.5961800818554 169.14597544338335 169.14597544338358
8 1450.1173260572987 2322.663028649386 181.5225102319239 181.52251023192366
10 1120.0763983628924 2821.849931787176 148.51841746248283 148.51841746248283
9 1458.3683492496589 2797.0968622100954 115.51432469304223 115.51432469304245
