0 1169.391091842609 243.19744339877576 121.06258738383076 121.0625873838309
13 1160.7437641723354 414.4145312701937 83.0143456346268 83.0143456346268
2 998.1740039711914 556.2307050626814 96.85006990706484 96.85006990706472
1 1288.7242136923855 559.6896361307909 96.85006990706484 96.85006990706484
3 906.5123306662906 890.0175531352438 86.4732767027366 86.4732767027366
11 1354.443903986465 909.0416740098457 76.09648349840813 76.09648349840813
4 901.3239340641264 1140.790055573179 55.34289708975132 55.34289708975143
12 1371.7385593270124 1144.2489866412886 48.42503495353253 48.425034953532304
6 989.5266763009176 1101.0123482899203 100.3090009751744 100.30900097517429
5 1293.9126102945497 1114.848072562358 100.30900097517383 100.30900097517406
7 965.3141588241514 1602.5573531657913 100.30900097517406 100.30900097517406
8 1286.9947481583308 1623.3109395744482 100.30900097517429 100.30900097517406
10 970.5025554263157 1960.5567187151196 83.01434563462703 83.01434563462703
9 1266.2411617496741 1969.2040463853932 86.47327670273648 86.47327670273648
