0 1515.4324631101024 374.1384790011351 233.40749148694658 233.4074914869468
13 1517.1486946651532 602.3972758229285 147.59591373439252 147.59591373439275
2 1251.1328036322366 782.6015891032916 192.21793416572064 192.21793416572075
1 1820.921679909194 792.8989784335981 192.21793416572064 192.21793416572064
3 1165.321225879682 1194.49716231555 151.02837684449491 151.0283768444947
11 1913.598183881952 1204.794551645856 151.02837684449491 151.0283768444947
4 1221.9568671963684 1532.5947786606123 127.00113507377978 127.00113507378
12 1891.2871736662905 1542.8921679909186 127.00113507377978 127.00113507377978
6 1316.3496027241795 1565.2031782065828 205.94778660612928 205.94778660612928
5 1786.5970488081766 1565.2031782065833 205.9477866061295 205.9477866061295
7 1439.9182746878587 2145.2894438138464 205.9477866061295 205.94778660612928
8 1680.19069239501 2138.4245175936426 205.9477866061295 205.9477866061295
10 1472.526674233829 2709.9296254256506 133.8660612939841 133.86606129398388
9 1620.1225879682202 2699.632236095344 133.8660612939841 133.86606129398388
