0 1795.1782065834282 248.8535754824063 278.0295119182747 278.0295119182746
13 1776.299659477866 449.6526674233825 123.56867196367762 123.56867196367762
2 1506.8513053348465 640.1543700340522 168.19069239500573 168.19069239500573
1 2018.2883087400683 647.0192962542566 181.92054483541438 181.92054483541438
3 1415.8910329171395 1180.7673098751422 102.97389330306464 102.97389330306487
11 2068.0590238365494 1197.9296254256526 116.70374574347329 116.70374574347306
12 2044.0317820658342 1530.878547105562 82.3791146424519 82.3791146424519
6 1506.851305334847 1536.0272417707151 209.38024971623167 209.38024971623167
5 1908.4494892168 1560.0544835414298 229.97502837684442 229.97502837684442
7 1462.2292849035184 2174.465380249717 133.8660612939841 133.86606129398433
8 1839.800227014756 2277.439273552781 147.59591373439252 147.59591373439252
10 1398.7287173666286 2608.671963677639 109.83881952326897 109.83881952326874
9 1814.0567536889898 2800.88989784336 151.02837684449491 151.02837684449514
