0 1396.5929203539822 304.40707964601773 217.43362831858417 217.43362831858408
13 1356.4513274336282 635.5752212389381 143.84070796460173 143.84070796460173
2 1125.637168141593 836.2831858407078 230.81415929203536 230.81415929203524
11 1682.601769911504 1306.2743362831861 227.46902654867245 227.46902654867245
12 1782.9557522123894 1667.5486725663718 167.25663716814188 167.25663716814165
6 1231.0088495575224 1567.194690265487 240.8495575221241 240.8495575221241
5 1629.0796460176991 1560.504424778761 247.53982300884945 247.53982300884945
7 1239.3716814159293 2251.2743362831857 250.88495575221236 250.8849557522126
8 1639.1150442477874 2279.70796460177 267.6106194690267 267.61061946902646
9 1690.9646017699117 2806.566371681416 183.98230088495575 183.98230088495575
1 1611.9129283664497 800.6683231626247 162.979481617572 162.979481617572
3 1082.9742469291318 1282.0595600975605 113.36833174741355 113.36833174741332
4 1170.180703958367 1570.5398230088504 110.53912534599431 110.53912534599453
10 1209.2904441948338 2683.9031852683893 156.33913106918635 156.33913106918635
