0 1376.2135922330096 313.77669902912623 205.51456310679623 205.5145631067962
13 1374.3786407766988 550.485436893204 135.78640776699035 135.7864077669904
2 1124.8252427184468 744.990291262136 216.52427184466035 216.52427184466035
1 1600.0776699029127 746.8252427184466 212.85436893203905 212.85436893203894
3 1042.252427184466 1253.2718446601943 110.09708737864071 110.09708737864071
11 1732.194174757282 1275.2912621359224 132.11650485436894 132.11650485436894
4 1073.4466019417475 1614.7572815533981 84.4077669902913 84.40776699029107
12 1752.378640776699 1611.087378640777 84.4077669902913 84.40776699029152
5 1653.2912621359224 1669.8058252427184 135.78640776699058 135.78640776699058
7 1299.145631067961 2280.844660194175 132.1165048543687 132.1165048543685
8 1574.388349514563 2266.1650485436894 139.45631067961176 139.45631067961176
10 1319.3300970873786 2737.7475728155323 99.08737864077693 99.08737864077693
9 1552.3689320388348 2743.252427184467 102.75728155339766 102.75728155339812
6 1154.918340449226 1684.194566329088 157.80582524271836 157.80582524271836
