0 1272.5913858059598 230.8914061709411 184.17156846933995 184.1715684693399
13 1287.070282698203 398.2674542452783 162.16364519312947 162.16364519312947
2 1003.5441829272143 567.4505111769803 154.09135921601762 154.09135921601768
1 1572.3814408123176 571.9531807644612 149.08839300770546 149.08839300770535
3 973.6939615458017 1009.6024113149957 127.9238093217084 127.9238093217084
11 1602.940807398531 985.4006095514289 146.93951070736807 146.93951070736796
4 995.7690010930603 1331.0551423947675 98.55886691627813 98.55886691627802
12 1629.0772758090575 1356.2992966193547 105.24323451377427 105.2432345137745
6 1089.350147458011 1211.2342976949633 127.99852846269869 127.99852846269869
5 1479.3901078012902 1217.9897755860502 121.59860203956396 121.59860203956396
7 1159.139821310292 1967.2721667390579 183.53228155233523 183.53228155233523
8 1405.9918321373584 1969.7612085745725 195.99976878018902 195.99976878018924
10 1202.3063625386521 2332.392191646487 118.97975899287371 118.97975899287349
9 1368.4427333274823 2367.941022077284 145.09726706448055 145.09726706448055
