0 1584.6686930091187 266.00607902735567 186.4316109422491 186.43161094224928
13 1573.3009118541036 468.3525835866261 163.6960486322189 163.6960486322189
2 1311.841945288754 666.1519756838907 186.43161094224934 186.43161094224922
1 1805.2036474164136 695.70820668693 163.69604863221866 163.69604863221878
3 1223.173252279635 1141.3252279635258 163.6960486322189 163.69604863221866
11 1889.3252279635253 1152.6930091185413 150.05471124620067 150.05471124620067
4 1211.0353786232622 1513.033311095988 131.86626139817645 131.86626139817645
12 1856.3770232505167 1458.046194028167 131.86626139817622 131.86626139817622
6 1377.6921895651594 1372.3749846017959 135.58872656577114 135.58872656577114
5 1771.1653568540653 1367.0577796384323 135.5887265657716 135.58872656577137
7 1424.217732994591 2190.781394456769 175.46776379099856 175.4677637909981
8 1800.409984152565 2197.427900660973 162.1747513825892 162.17475138258942
10 1446.8158540888867 2753.0758193324677 140.90593152913516 140.90593152913516
9 1808.3857915976103 2718.513987070604 124.95431663904446 124.95431663904401
