0 1058.0567536889896 456.9466515323496 182.7786606129397 182.77866061293986
13 1034.3980660757452 572.9395648670427 85.89524576954068 85.8952457695408
2 869.0040290088639 709.0926672038679 113.3086220789686 113.3086220789686
1 1231.7743755036263 708.1788879935535 122.44641418211154 122.44641418211131
3 816.9186140209508 1015.2087026591461 104.17082997582588 104.17082997582588
11 1270.1531023368252 1044.449637389202 104.17082997582611 104.17082997582588
4 817.8323932312651 1251.87751813054 69.447219983884 69.447219983884
12 1259.1877518130539 1250.9637389202258 60.30942788074117 60.309427880741396
6 900.986301369863 1212.5850120870268 118.79129734085416 118.79129734085404
5 1191.5680902497984 1205.2747784045125 115.136180499597 115.13618049959723
7 909.2103142626913 1683.1813053988717 102.34327155519748 102.34327155519736
8 1145.8791297340854 1698.7155519742141 107.82594681708292 107.82594681708292
10 921.0894439967767 2066.054794520548 82.24012892828353 82.24012892828364
9 1102.9315068493152 2070.6236905721194 69.447219983884 69.447219983884
