0 1508.0035605653193 296.95236246716513 172.67811375432598 172.59042567960043
13 1513.0232731744568 458.5050283649307 156.61503340508648 156.53550236056776
2 1166.8557395613502 666.7635265882561 163.04173985838725 162.95894525311144
1 1827.1453441032897 677.4405241097794 146.83484395666983 146.76027941291136
3 1095.593175104882 1110.6079814586017 191.035128617096 190.9381186239408
11 1874.6431022283691 1176.6126966460706 176.672032156667 176.5823159209449
4 1058.5865727428134 1458.6269447835502 123.60570747957274 123.54293897765729
12 1802.9708009166002 1429.8044739001466 80.44775670835202 80.40690434583553
6 1289.4675796693368 1471.6290330155211 165.43691903733702 165.3529081305494
5 1735.498488838627 1470.6563688500473 137.5397130820213 137.4698687202997
7 1381.9176226607897 2175.5136674300757 221.8801031794876 221.76742972803095
8 1651.1580987411617 2174.216781876111 219.28501425341142 219.17365862010092
10 1409.0164205475792 2713.4310850320953 160.28408009020632 160.20268585855365
9 1605.728700658287 2667.498846429294 155.80060931845287 155.72149184852424
