0 1745.0339539978097 229.0120481927711 215.76341730558624 215.763417305586
13 1726.1073384446881 490.1993428258487 102.20372398685618 102.2037239868564
2 1413.8181818181815 730.5673603504929 181.69550930996706 181.6955093099673
1 2025.1478641840094 747.6013143483023 193.05147864183982 193.05147864183982
3 1341.8970427163197 1268.0832420591455 143.84227820372416 143.84227820372394
11 2089.4983570646223 1269.9759036144578 147.6276013143481 147.6276013143481
4 1328.6484118291341 1720.4293537787512 117.34501642935379 117.34501642935379
12 2150.0635268346114 1780.99452354874 124.91566265060237 124.91566265060237
6 1514.129244249726 1716.644030668127 185.48083242059147 185.48083242059124
5 1953.2267250821467 1724.2146768893758 200.62212486308863 200.62212486308908
7 1497.0952902519168 2627.0142387732744 143.84227820372416 143.84227820372416
8 1911.5881708652792 2636.4775465498356 155.19824753559715 155.19824753559715
10 1491.4173055859806 3253.485213581599 124.9156626506026 124.91566265060237
9 1873.7349397590363 3253.485213581599 132.48630887185072 132.48630887185072
