0 1543.4654983570647 233.50711938663747 115.92552026286967 115.92552026286972
13 1535.185104052574 404.0832420591457 59.61883899233294 59.61883899233294
2 1253.6516976998903 589.5640744797372 178.85651697699905 178.85651697699893
1 1828.3110624315443 597.8444687842277 168.92004381160996 168.92004381160996
3 1131.101861993428 1059.890470974808 125.8619934282583 125.8619934282583
11 1972.3899233296825 1049.9539978094194 112.61336254107323 112.61336254107323
4 1190.7207009857614 1374.5454545454545 72.86746987951801 72.86746987951801
6 1314.9266155531216 1286.7732749178533 182.16867469879526 182.16867469879526
5 1773.6604600219052 1275.180722891566 178.85651697699882 178.85651697699882
7 1434.1642935377872 1919.395399780942 155.67141292442489 155.67141292442466
8 1680.92004381161 1927.6757940854327 158.9835706462211 158.9835706462211
10 1500.4074479737128 2482.462212486309 96.05257393209172 96.05257393209195
9 1642.8302300109528 2472.52573932092 82.8039430449071 82.8039430449071
12 1838.621359223301 1343.1844660194174 88.07766990291248 88.07766990291248
