0 1941.3786407766995 211.01941747572815 183.49514563106777 183.49514563106794
13 1871.6504854368932 390.8446601941747 132.1165048543687 132.11650485436888
2 1789.0776699029134 546.8155339805825 172.485436893204 172.48543689320394
1 2036.7961165048546 589.0194174757282 154.13592233009717 154.13592233009706
3 1689.9902912621355 1060.6019417475727 150.46601941747554 150.46601941747542
4 1590.9029126213595 1449.6116504854367 99.08737864077648 99.08737864077648
10 1811.097087378641 2759.766990291262 128.4466019417473 128.4466019417473
9 2009.2718446601946 2668.0194174757294 128.4466019417473 128.44660194174776
6 1772.1409151209327 1357.1113293067979 179.82524271844682 179.8252427184466
7 1734.1082288672342 2125.84890494596 196.14703922737635 196.14703922737613
8 1971.03201412576 2088.1314895706373 187.47921145936698 187.47921145936698
5 2071.9430545778223 1364.8781227650097 152.43670808932802 152.4367080893278
