0 1451.8501702610674 434.70601589103296 190.18388195232728 190.18388195232706
13 1446.755959137344 602.8149829738932 98.48808172531199 98.4880817253121
2 1173.3666288308732 791.3007945516458 176.5993189557321 176.5993189557322
1 1703.1645856980704 787.9046538024971 163.01475595913735 163.01475595913735
3 1088.4631101021566 1185.2531214528944 101.88422247446078 101.88422247446078
4 1096.9534619750284 1475.6231555051077 84.90351872871724 84.90351872871724
12 1723.5414301929623 1501.0942111237232 81.50737797956867 81.50737797956867
6 1227.7048808172526 1382.229284903519 149.43019296254238 149.4301929625426
5 1585.9977298524404 1394.1157775255392 146.0340522133938 146.0340522133938
7 1256.572077185017 2097.116912599319 166.41089670828592 166.41089670828615
8 1490.9057888762773 2107.3053348467647 173.20317820658352 173.20317820658352
10 1253.1759364358686 2562.38819523269 132.4494892167993 132.44948921679952
9 1439.963677639046 2579.368898978435 125.65720771850192 125.65720771850238
11 1752.3853288778955 1219.707109147836 105.67442738637283 105.67442738637283
