0 1728.0 495.54285714285714 157.25714285714275 157.25714285714287
13 1767.7458926615554 728.6746987951807 87.06243154435901 87.06243154435901
2 1534.9485213581597 923.6188389923329 151.41292442497252 151.4129244249724
1 1970.260679079956 836.5564074479737 166.5542168674699 166.5542168674698
3 1480.0613362541076 1341.89704271632 117.34501642935379 117.34501642935379
11 2089.498357064622 1315.3997809419495 124.91566265060237 124.91566265060237
4 1536.841182913472 1659.8641840087623 87.06243154435924 87.06243154435924
12 2104.6396495071194 1671.220153340635 109.77437020810476 109.77437020810498
6 1601.1916757940853 1648.508214676889 193.05147864183982 193.05147864184005
5 1934.3001095290256 1659.8641840087623 208.19277108433766 208.19277108433744
7 1637.1522453450164 2343.115005476451 158.98357064622132 158.98357064622132
10 1639.0449069003287 2924.1621029572834 102.2037239868564 102.2037239868564
9 1765.853231106244 2929.840087623219 121.13033953997797 121.13033953997774
8 1842.3058911436717 2357.563227581768 174.12486308871848 174.12486308871848
