0 1386.5575221238935 264.26548672566366 237.50442477876095 237.50442477876103
13 1393.2477876106195 525.1858407079645 210.74336283185835 210.7433628318583
2 1050.3716814159293 710.8407079646017 220.77876106194685 220.77876106194697
1 1709.3628318584076 707.4955752212388 254.23008849557527 254.23008849557516
3 975.1061946902655 1244.389380530973 204.05309734513287 204.05309734513298
6 1127.3097345132742 1433.3893805309735 234.15929203539804 234.15929203539827
5 1655.840707964602 1420.008849557522 240.84955752212363 240.84955752212363
7 1247.7345132743362 2216.150442477876 280.9911504424779 280.9911504424781
8 1515.3451327433631 2256.2920353982304 274.30088495575205 274.3008849557518
10 1289.5486725663718 2779.8053097345132 170.60176991150433 170.60176991150456
9 1445.0973451327438 2771.442477876106 180.63716814159307 180.63716814159307
11 1803.0100611617843 1265.9513807442152 148.20806637652777 148.20806637652777
4 1031.8910137735168 1602.6318467756787 117.90402155686331 117.90402155686297
12 1737.9613352848232 1615.7320900658137 111.37863117796996 111.37863117796996
