0 1826.9967448853058 741.070059181676 167.28561188587878 167.28561188587867
13 1822.7073702215662 921.2237950587762 98.65561726603073 98.65561726603084
2 1611.521321691593 1076.876545021747 119.51890212593662 119.51890212593639
1 2017.645345360131 1069.2072209578218 120.9486936805165 120.9486936805165
3 1548.187391742175 1440.2381293713734 87.21728482938965 87.21728482938965
11 2058.6229767272916 1435.948754707633 87.21728482938965 87.21728482938988
4 1519.5915606505723 1674.7239443225199 64.34061995610705 64.34061995610705
12 2009.295168094276 1662.570716108588 60.05124529236696 60.05124529236673
6 1621.5239694804313 1613.3366575782525 122.36669904864766 122.36669904864743
5 1934.940300122841 1607.2739798355615 117.48517690281369 117.48517690281346
7 1696.4262969198933 2176.904238332143 117.37886562220274 117.37886562220274
8 1871.549991326601 2175.891655232229 119.1321155287701 119.13211552876965
10 1709.5241291604248 2518.530669774121 99.76195046862358 99.76195046862358
9 1847.7287224267184 2511.8668995292037 94.36624260229064 94.36624260229064
