0 1455.3643586833145 269.4483541430194 229.97502837684465 229.97502837684473
13 1448.4994324631098 502.85584562996604 175.05561861521005 175.05561861521016
2 1211.6594778660608 719.1010215664019 229.97502837684488 229.97502837684476
1 1705.93416572077 729.3984108967084 229.97502837684488 229.97502837684465
3 1118.982973893301 1199.645856980704 188.78547105561893 188.78547105561893
11 1819.2054483541415 1189.3484676503977 188.7854710556187 188.7854710556187
4 1117.2667423382507 1544.6083995459712 164.7582292849038 164.75822928490402
6 1285.4574347332564 1445.066969353008 212.81271282633384 212.81271282633384
5 1666.4608399545964 1448.4994324631107 212.81271282633384 212.81271282633384
7 1312.9171396140741 2162.45175936436 212.81271282633384 212.81271282633406
8 1642.433598183882 2155.586833144156 212.81271282633406 212.81271282633406
10 1335.2281498297389 2792.308740068107 175.05561861521028 175.05561861521028
12 1827.1545702976741 1550.4374262990532 132.69858214295414 132.69858214295368
9 1639.356702452973 2787.3049341715723 140.08145809671942 140.08145809671896
