0 1171.0743519781718 202.40791268758522 147.78990450204628 147.78990450204628
13 1169.4679399727147 399.9965893587994 86.74624829467916 86.74624829467922
2 1005.6139154160983 567.0634379263302 138.15143246930404 138.15143246930415
1 1373.4822646657572 542.9672578444747 154.21555252387452 154.2155525238744
11 1479.5054570259208 976.6984993178716 147.78990450204606 147.78990450204606
12 1518.0593451568893 1217.6603001364256 77.10777626193726 77.10777626193726
6 1061.838335607094 1246.5757162346522 154.21555252387452 154.21555252387452
5 1320.4706684856756 1244.9693042291951 170.2796725784449 170.2796725784449
7 1077.9024556616644 1722.0736698499318 128.51296043656214 128.51296043656225
8 1240.1500682128242 1794.3622100954985 138.15143246930438 138.15143246930438
10 1105.211459754434 2147.772851296044 86.74624829467939 86.74624829467939
9 1196.7769440654843 2175.081855388813 102.81036834924976 102.81036834924953
3 941.7141990291261 953.1462378640776 88.59830097087377 88.59830097087365
4 990.3003640776699 1164.6389563106795 65.73422330097094 65.73422330097105
