0 1557.873786407767 337.7427184466019 201.84466019417482 201.91140776699024
13 1548.6990291262136 567.1875 132.11650485436894 132.16019417475718
2 1256.9417475728155 770.9344660194174 194.504854368932 194.56917475728153
1 1820.2718446601953 787.4544902912623 198.17475728155364 198.24029126213622
3 1137.6699029126214 1224.317354368932 124.77669902912612 124.81796116504847
11 2005.6019417475732 1251.8507281553398 128.44660194174776 128.48907766990283
4 1143.1747572815534 1483.131067961165 91.74757281553411 91.77791262135906
12 1989.0873786407767 1466.6110436893205 95.4174757281553 95.44902912621342
7 1422.0873786407765 2261.4077669902913 150.46601941747554 150.51577669902872
8 1675.3106796116513 2268.750000000001 143.12621359223272 143.17354368932092
10 1480.8058252427186 2760.6796116504856 91.74757281553389 91.77791262135952
9 1631.2718446601941 2757.008495145631 91.74757281553411 91.77791262135952
6 1344.4505268142293 1546.070634454668 172.485436893204 172.54247572815552
5 1753.2520553858863 1542.1041534715519 161.47572815533954 161.52912621359224
