0 1325.8317230641387 461.67506095631205 149.8507791846307 149.72819637078817
13 1312.1129897585033 593.4780507193299 71.75952806024566 71.70082643108162
2 1091.5579696909836 737.9341274995975 99.196994671516 99.11584830178924
1 1532.6680098260242 737.9341274995973 103.41814338094218 103.33354397420601
3 996.5821237288942 1106.982498836047 103.41814338094252 103.3335439742059
11 1625.5332814334006 1117.5267380170883 116.08158950922098 115.98663099145551
4 897.3851290573779 1389.568108887957 90.75469725266385 90.68045695695628
12 1700.4586710257158 1396.949076314686 105.52871773565539 105.44239181041416
6 1128.4930208984633 1373.751750116395 147.7402048299175 147.61934853457979
5 1479.9036509581956 1374.8061740344992 145.62963047520475 145.51050069837174
7 1196.0314002492823 1966.3379920909229 143.5190561204911 143.40165286216302
8 1433.4710151545073 1958.9570246641938 137.18733305635192 137.0751093535382
10 1196.0314002492828 2432.3933638929534 118.19216386393441 118.09547882766401
9 1406.0335485432367 2439.7743313196825 128.74503563749977 128.6397180087056
