0 1563.1778929188256 222.20379965457684 196.3661485319517 196.36614853195164
13 1516.6701208981003 547.7582037996546 134.3557858376514 134.35578583765118
2 1299.6338514680483 795.7996545768567 186.03108808290153 186.03108808290165
3 1183.364421416235 1351.3091537132987 118.85319516407594 118.85319516407594
11 1818.9706390328151 1268.628670120898 87.84801381692546 87.84801381692569
4 1108.7038218744751 1695.5299651840942 86.12847911392987 86.12847911392987
6 1325.3299966155719 1625.0612095454244 148.7673730149702 148.7673730149702
5 1672.4538669838357 1606.7915321576208 117.44792606445026 117.44792606445026
7 1380.139028778982 2355.8483050575583 112.22801823936334 112.22801823936334
8 1620.254788732969 2301.039272894148 107.00811041427687 107.00811041427687
10 1415.3734065983172 2829.554940184174 88.73843302647356 88.7384330264731
9 1624.169719601784 2693.83733673192 83.51852520138664 83.51852520138664
1 1791.2453342723493 759.0687995707364 155.0259067357515 155.0259067357515
