0 1484.5402951191825 387.86833144154366 260.8671963677639 260.8671963677639
13 1482.8240635641316 588.6674233825199 127.00113507378 127.00113507378012
2 1245.9841089670826 791.182746878547 140.73098751418843 140.73098751418843
1 1705.9341657207724 784.3178206583427 133.8660612939841 133.8660612939841
3 1136.145289443814 1247.700340522134 113.27128263337113 113.2712826333709
11 1814.0567536889898 1263.1464245175937 116.70374574347352 116.70374574347352
4 1110.4018161180475 1558.338251986379 96.10896708286032 96.10896708286032
12 1826.0703745743476 1563.4869466515324 92.67650397275816 92.67650397275793
6 1294.038592508513 1539.4597048808173 181.92054483541438 181.92054483541438
5 1654.4472190692395 1542.8921679909192 188.7854710556187 188.78547105561847
7 1283.7412031782064 2198.4926220204316 127.00113507377978 127.00113507378
8 1628.7037457434733 2210.506242905789 130.43359818388217 130.43359818388217
10 1268.295119182747 2687.6186152099885 96.10896708286032 96.10896708286054
9 1623.55505107832 2675.6049943246317 92.67650397275861 92.67650397275838
