0 1582.133697135061 156.76944065484304 239.27967257844443 239.27967257844463
13 1567.6944065484308 418.73942701227827 152.64392905866293 152.64392905866288
2 1299.5361527967257 653.8935879945429 202.15006821282418 202.15006821282407
1 1842.040927694406 676.5839017735334 214.52660300136404 214.52660300136404
3 1196.3983628922238 1190.2100954979535 185.64802182810377 185.64802182810354
4 1210.837653478854 1522.31377899045 90.76125511596183 90.7612551159616
12 1930.7394270122784 1540.8785811732605 94.88676671214216 94.88676671214216
6 1384.1091405184175 1530.5648021828101 214.52660300136404 214.52660300136404
5 1765.7189631650754 1536.7530695770804 226.90313778990435 226.90313778990458
7 1394.4229195088678 2238.090040927695 202.15006821282418 202.1500682128244
8 1677.0204638472032 2244.2783083219647 181.5225102319239 181.52251023192366
9 1654.3301500682128 2811.5361527967257 103.13778990450191 103.13778990450191
11 1958.7016481941178 1165.899239650636 165.02046384720325 165.02046384720325
10 1416.5329980689457 2802.1847409607453 114.75006082192886 114.75006082192886
