0 1612.8000000000002 316.8 217.60000000000014 217.60000000000002
13 1614.1821743388837 521.2771792360431 124.39569049951047 124.39569049951035
2 1363.9098922624876 682.6953966699314 151.05190989226276 151.05190989226242
1 1849.6454456415279 709.3516160626839 145.1283055827621 145.12830558276232
3 1192.1253672869736 1322.4446620959845 97.73947110675817 97.73947110675817
4 1245.437806072478 1568.2742409402547 97.73947110675817 97.73947110675817
12 1990.3310479921647 1608.2585700293828 88.85406464250741 88.85406464250718
11 1956.2703232125368 1340.2154750244858 127.35749265426057 127.35749265426057
6 1378.7189030362388 1618.624877571009 133.281096963761 133.28109696376123
5 1839.279138099902 1626.0293829578845 124.39569049951024 124.39569049951047
7 1461.649363369246 2169.5200783545542 133.28109696376123 133.28109696376123
8 1771.1576885406466 2176.92458374143 165.86092066601373 165.86092066601395
10 1452.7639569049952 2726.338883447601 109.58667972575881 109.58667972575859
9 1774.1194906953967 2718.934378060725 100.7012732615085 100.7012732615085
