0 1351.3893303064697 368.13166855845634 195.07832009080607 195.07832009080602
13 1341.9500567536888 525.4528944381385 100.68558456299684 100.68558456299678
2 1054.05221339387 731.5437003405223 185.6390465380249 185.63904653802513
1 1582.6515323496028 759.8615209988648 179.3461975028374 179.34619750283753
3 981.684449489217 1178.335981838819 141.58910329171408 141.58910329171408
11 1612.5425652667427 1242.8376844494894 132.14982973893325 132.14982973893302
4 965.9523269012484 1489.8320090805898 116.41770715096493 116.41770715096482
12 1614.1157775255392 1511.856980703746 110.1248581157779 110.12485811577767
6 1076.0771850170256 1470.9534619750282 217.1032917139613 217.10329171396143
5 1485.1123723041992 1480.39273552781 217.10329171396143 217.10329171396143
7 1135.8592508513057 2062.4812712826333 160.46765039727575 160.46765039727552
8 1374.9875141884222 2084.506242905789 173.05334846765027 173.05334846765027
10 1082.3700340522132 2518.7128263337117 122.71055618615196 122.71055618615219
9 1356.10896708286 2550.177071509648 103.8320090805903 103.83200908059007
