0 1753.9886492622022 303.7729852440408 175.05561861521005 175.0556186152099
13 1748.250320159103 523.086020449264 114.17301717726082 114.17301717726082
2 1497.9479363474134 711.9106257808875 165.1117479178847 165.1117479178845
1 1999.4309579490746 754.9450707169322 149.30317630872582 149.30317630872605
3 1391.6792049747323 1185.289520077376 110.6600012641145 110.6600012641145
4 1290.6799974717708 1570.8430165452019 84.31238191551574 84.31238191551552
6 1482.06572334348 1569.5449002268124 210.39108657545262 210.39108657545262
5 1898.3789248073085 1546.5441049000965 192.02389762428015 192.02389762427993
7 1573.7822636596838 2189.438302438606 151.05968426529876 151.05968426529898
8 1814.3301316350248 2181.5925371486424 145.06414900710297 145.06414900710297
10 1613.8774614812469 2759.998903145289 129.98158878641993 129.9815887864197
9 1791.2847650951453 2721.355728100677 115.9295251338342 115.92952513383398
11 2049.5519946415397 1236.0926371793068 111.00662132637285 111.00662132637262
