0 1558.4079126875852 403.49795361527964 214.10095497953625 214.10095497953603
13 1554.2905866302863 642.3028649386085 156.4583901773533 156.4583901773534
2 1274.31241473397 844.0518417462483 172.92769440654843 172.92769440654843
1 1803.3888130968621 850.2278308321964 177.04502046384732 177.0450204638471
3 1206.3765347885403 1290.781718963165 135.87175989085927 135.87175989085927
11 1881.618008185539 1294.8990450204637 135.8717598908595 135.8717598908595
4 1216.6698499317872 1601.6398362892223 98.81582537517033 98.81582537517056
12 1900.1459754433836 1581.0532060027285 98.81582537517056 98.81582537517056
6 1358.717598908595 1533.7039563437927 177.0450204638471 177.04502046384732
5 1688.1036834924967 1562.525238744884 168.81036834924976 168.81036834924953
7 1371.0695770804912 2122.481582537517 185.27967257844466 185.2796725784449
8 1694.2796725784447 2153.3615279672576 156.45839017735352 156.45839017735352
10 1385.4802182810367 2845.0723055934523 98.81582537517056 98.81582537517033
9 1673.6930422919509 2828.6030013642567 90.581173260573 90.581173260573
