0 1107.854379542373 156.00143519439413 156.31035369170218 156.31035369170218
13 1109.17904355671 369.27234150256413 98.02513706089826 98.02513706089803
2 850.8695607610998 495.11542286452783 129.81707340497303 129.81707340497303
1 1346.9562341301048 509.0243950150606 141.7390495340012 141.7390495340012
3 772.7143839152491 830.2554184916528 137.7650574909917 137.7650574909917
11 1398.6181306892267 846.8137186708582 128.4924093906368 128.4924093906368
4 813.116636352511 1110.421857523813 86.10316093186975 86.10316093186975
12 1374.7741784311697 1136.915137810543 86.1031609318702 86.1031609318702
6 893.9211412270347 1103.79853745213 128.49240939063645 128.49240939063657
5 1270.7880533057582 1107.1101974879716 129.81707340497337 129.81707340497292
7 929.024737606951 1735.0009402834537 151.01169763435644 151.01169763435655
8 1209.8535086462807 1741.624260355136 153.66102566302902 153.66102566302925
10 930.3494016212877 2157.5687608567846 90.07715297487903 90.07715297487903
9 1176.736908287869 2152.2701047994387 84.7784969175334 84.77849691753318
