0 2113.03776683087 501.2807881773399 236.71592775041063 236.71592775041046
13 2088.669950738916 811.1001642036125 174.05582922824306 174.05582922824306
2 1723.152709359606 1106.9950738916257 306.3382594417078 306.3382594417079
1 2426.338259441708 1113.9573070607553 320.26272577996724 320.2627257799671
3 1590.8702791461412 1691.8226600985222 181.0180623973729 181.01806239737266
11 2558.6206896551726 1775.3694581280788 181.0180623973729 181.01806239737266
4 1608.2758620689656 2140.8866995073895 146.20689655172418 146.20689655172418
12 2544.696223316913 2165.254515599343 139.2446633825939 139.24466338259435
7 1831.0673234811165 3045.977011494253 215.82922824302113 215.82922824302113
8 2266.2068965517237 3049.458128078818 222.7914614121505 222.7914614121505
10 1817.1428571428573 3679.5402298850577 160.13136288998385 160.13136288998385
9 2210.5090311986864 3689.983579638752 153.16912972085447 153.16912972085447
