0 1436.1599999999999 281.06666666666666 213.97333333333313 213.97333333333333
13 1443.4133333333334 549.4399999999999 134.1866666666665 134.18666666666667
2 1196.8 770.6666666666665 177.70666666666648 177.7066666666666
1 1706.3466666666668 725.3333333333335 181.33333333333326 181.33333333333326
3 1155.0933333333332 1341.8666666666668 137.81333333333328 137.81333333333328
11 1831.4666666666667 1260.2666666666667 141.44000000000005 141.44000000000005
4 1189.546666666667 1561.2799999999997 97.9200000000003 97.9200000000003
12 1847.7866666666666 1519.5733333333333 101.54666666666662 101.54666666666662
6 1303.7866666666666 1555.84 159.57333333333327 159.57333333333327
5 1691.8400000000001 1530.4533333333334 159.57333333333327 159.57333333333327
7 1423.4666666666667 2172.3733333333334 145.0666666666666 145.0666666666666
8 1679.1466666666665 2166.9333333333334 141.43999999999983 141.44000000000005
10 1470.6133333333332 2593.0666666666666 101.54666666666662 101.54666666666662
9 1679.1466666666665 2573.12 97.92000000000007 97.92000000000007
