0 1635.7653478854027 165.0204638472033 189.77353342428387 189.77353342428387
13 1580.0709413369714 422.8649386084584 136.14188267394275 136.14188267394263
2 1313.975443383356 573.4461118690314 198.02455661664385 198.0245566166439
1 1813.162346521146 631.2032742155525 173.27148703956345 173.27148703956334
3 1200.5238744884036 1066.4447476125513 177.39699863574356 177.39699863574367
11 1850.2919508867662 1134.515688949522 99.01227830832181 99.01227830832181
4 1097.3860845839017 1474.8703956343793 103.13778990450191 103.13778990450214
6 1373.795361527967 1573.882673942701 193.89904502046397 193.89904502046375
5 1726.526603001364 1567.6944065484313 222.77762619372447 222.77762619372447
7 1433.6152796725783 2281.407912687585 206.27557980900428 206.27557980900428
8 1736.8403819918144 2246.3410641200544 152.64392905866316 152.64392905866316
10 1468.682128240109 2852.7912687585267 127.89085948158254 127.89085948158254
9 1718.2755798090045 2768.2182810368354 90.76125511596183 90.76125511596183
