0 1518.0749148694663 229.23950056753694 173.20317820658352 173.20317820658352
13 1503.6422081594878 497.5120908502171 126.3290021933883 126.32900219338848
2 1231.8434458646207 683.8154678222847 146.745810628684 146.74581062868413
1 1781.8212230903846 710.61252889361 141.64160851986003 141.64160851986014
3 1138.6917573785868 1127.881051289955 131.43320430221252 131.43320430221252
11 1855.83215366833 1131.7092028715729 133.98530535662485 133.98530535662462
4 1165.4888184499114 1473.6907441627668 82.94328426838638 82.9432842683866
12 1855.8321536683297 1483.899148380415 80.39118321397495 80.39118321397518
6 1347.004313597265 1345.2841213411293 169.71472011839091 169.71472011839091
5 1695.0497872403794 1344.7533310706913 164.6105180095674 164.61051800956716
7 1342.8598417315384 2133.4088667282413 149.29791168309634 149.29791168309657
8 1699.5159640856018 2132.7708414646386 155.67816431912615 155.67816431912615
10 1333.2894627774938 2703.1654271256975 99.53194112206393 99.53194112206393
9 1684.2033577591299 2699.33727554408 102.08404217647603 102.08404217647603
