0 1671.2220994475142 396.7292817679558 204.97679558011055 204.97679558011043
13 1687.7524861878455 651.2972375690607 145.46740331491696 145.46740331491696
2 1400.1237569060775 872.8044198895028 211.5889502762434 211.58895027624317
1 1958.8508287292816 862.8861878453039 238.0375690607732 238.03756906077342
12 2048.114917127071 1666.262983425414 178.52817679557984 178.52817679558007
5 1848.0972375690608 1638.1613259668507 247.95580110497258 247.95580110497235
6 1471.2044198895028 1572.039779005525 188.44640883977877 188.446408839779
8 1781.9756906077353 2259.7038674033156 208.28287292817686 208.28287292817686
7 1474.5104972375689 2180.3580110497237 221.50718232044187 221.50718232044164
10 1486.0817679558013 2542.3734806629836 171.91602209944745 171.91602209944767
9 1740.649723756906 2634.9436464088394 178.52817679557984 178.52817679557984
3 1358.7977900552487 1282.9030971364487 112.46372155431959 112.46372155431959
11 2014.3001673527547 1362.9161138103152 142.68222180712178 142.682221807122
4 1420.6856514280964 1589.9627564997522 72.67425315083256 72.67425315083233
