13 1951.8545454545451 622.4727272727271 188.50909090909067 188.50909090909056
2 1673.0181818181818 869.890909090909 196.36363636363603 196.36363636363615
1 2203.2000000000007 972.0 172.79999999999973 172.79999999999973
3 1539.4909090909093 1517.890909090909 149.23636363636342 149.23636363636342
4 1421.6727272727271 1875.2727272727273 125.67272727272734 125.67272727272712
6 1669.090909090909 1993.090909090909 274.909090909091 274.90909090909076
5 2071.6363636363635 1947.9272727272723 239.56363636363585 239.56363636363585
7 1686.7636363636366 2698.036363636363 153.16363636363621 153.16363636363621
8 1943.9999999999998 2535.0545454545454 141.3818181818183 141.3818181818183
10 1671.0545454545456 3236.072727272727 121.74545454545478 121.74545454545432
9 1965.6 2953.3090909090906 113.89090909090919 113.89090909090919
0 1966.2327877923829 327.28143033759284 242.25144270073952 242.25144270073957
11 2173.5246449015285 1542.5222463724808 118.26614954103252 118.26614954103229
