0 1258.3333540130125 239.57732525034692 149.65658570958772 149.65658570958792
13 1247.4208946383553 397.0285247989764 81.06398392602705 81.06398392602688
2 1055.6733941979455 532.6548055982906 90.41752053287632 90.41752053287627
1 1405.651555570889 563.0537995705505 88.85859776506777 88.85859776506777
3 974.6094102719183 908.3551926400694 81.06398392602694 81.06398392602694
11 1432.1532426236279 915.3703450952063 70.15152455136922 70.15152455136922
4 946.5488004513704 1146.8703761147258 62.3569107123285 62.3569107123285
12 1415.0050921777372 1157.00337410548 63.915833480136826 63.915833480136826
6 1026.053861609589 1178.048831470891 109.12459374657476 109.12459374657465
5 1348.7508745458886 1184.2845225421243 109.12459374657465 109.12459374657465
7 1033.8484754486303 1645.7256618133524 109.12459374657487 109.12459374657465
8 1343.2946448585599 1641.828354893832 107.56567097876655 107.56567097876655
10 1030.730629913014 1952.8334470715695 87.29967499726001 87.2996749972599
9 1321.4697261092451 1948.9361401520496 88.858597765068 88.858597765068
