0 1673.8332161629505 372.4635768009501 159.08290514549867 159.08290514549867
13 1651.462182626865 628.4876272694869 114.34083807332718 114.34083807332718
1 1876.4153531841714 868.354820184184 136.7118716094128 136.7118716094128
3 1247.5407437808724 1308.3184797272033 101.91248610883486 101.91248610883486
11 1994.484696846846 1346.8463708171287 109.36949728752984 109.36949728753007
4 1247.5407437808722 1581.742222946029 77.0557821798509 77.0557821798509
12 1967.1423225249637 1645.1268179649387 79.54145257274945 79.54145257274945
7 1386.9344752219117 2187.6572304970573 126.76919003781904 126.76919003781859
8 1726.0322944138172 2206.8883267599804 124.28351964492049 124.28351964492049
10 1389.2239561760819 2663.00884385684 91.96980453724109 91.96980453724154
9 1678.8045569487476 2679.1657014106795 94.45547493013987 94.45547493013964
2 1307.1844660194174 871.4563106796118 159.76699029126235 159.76699029126223
6 1379.8058252427186 1633.980582524272 217.86407766990328 217.86407766990305
5 1753.8058252427181 1666.6601941747563 210.60194174757316 210.60194174757294
