0 1491.2507936507936 307.11534391534394 189.96825396825398 189.96825396825403
13 1508.5564710143904 543.3733871609342 112.22801823936334 112.22801823936351
2 1238.4262410661552 776.9642623335628 161.8171425776868 161.81714257768692
1 1779.991677918898 770.4393775522043 164.42709649023004 164.42709649023004
3 1171.8724162963 1308.0898835361318 127.88774171462342 127.88774171462342
11 1940.5038435403121 1343.3242613554667 130.49769562716665 130.49769562716665
4 1222.766517590895 1614.7594682599738 88.73843302647333 88.73843302647333
12 1897.4396039833473 1608.2345834786156 96.56829476410348 96.56829476410348
6 1329.774628005172 1596.4897908721705 151.37732692751342 151.37732692751365
5 1776.0767470500823 1596.4897908721705 156.59723475260012 156.5972347525999
7 1408.073245381472 2298.5673933463277 135.71760345225357 135.71760345225357
8 1705.6079914114125 2311.617162909044 151.37732692751365 151.37732692751388
10 1406.7682684252 2840.1328301990698 112.22801823936311 112.22801823936288
9 1702.998037498869 2846.657714980428 114.83797215190702 114.83797215190725
