0 1576.5823033982322 578.0405354717159 171.3914974799245 171.39149747992445
13 1586.5180423825757 754.399902443812 91.90558560517684 91.90558560517684
1 1761.635441981629 869.9028681368047 109.29312882777799 109.29312882777799
3 1374.1416215922343 1252.4288190340271 84.45378136691943 84.45378136691966
11 1821.2498758876895 1247.4609495418558 104.32525933560623 104.32525933560623
6 1457.3534355861111 1487.1606525391412 121.71280255820761 121.71280255820739
5 1744.247898759027 1485.9186851660982 119.22886781212128 119.22886781212128
7 1462.3213050782822 1956.6243195493694 121.71280255820693 121.71280255820716
8 1720.6505186712122 1974.0118627719703 126.68067205037914 126.68067205037892
10 1416.3685122756947 2370.1994547726645 99.35738984343448 99.3573898434347
9 1725.6183881633838 2391.3129001143943 101.84132458952035 101.84132458952035
2 1394.8973952077927 906.2236738150365 93.72809676510383 93.72809676510383
12 1876.3016650342802 1506.0763956904993 68.12144955925555 68.12144955925555
4 1402.413320274241 1512.0 68.12144955925555 68.12144955925578
