0 1237.4933071050275 236.18651546415612 121.986614210055 121.98661421005508
13 1223.5156742267918 382.3163137366183 119.44522641401227 119.44522641401232
2 984.6252213987668 537.3409692952305 124.52800200609829 124.52800200609823
1 1420.4732284201104 586.8980313180655 121.98661421005522 121.98661421005534
3 862.6386071887114 865.1799949847542 94.03134845358431 94.03134845358431
11 1484.007923321181 917.278444803632 86.40718506545568 86.40718506545579
4 848.6609743104758 1085.0100393424582 81.32440947337022 81.32440947337022
12 1426.8266979102173 1144.7326525494645 73.70024608524204 73.70024608524204
6 975.7303641126169 1085.8571169031384 106.7382874337984 106.7382874337984
5 1326.441879966526 1103.6468314754384 116.90383861796977 116.90383861796977
7 956.6699556422959 1682.6596326358608 124.52800200609806 124.52800200609818
8 1226.0570620228345 1720.7804495765026 139.776328782355 139.776328782355
10 949.0457922541673 2089.281680002712 109.27967522984125 109.27967522984136
9 1172.6879183059357 2107.0713945750113 109.27967522984136 109.27967522984136
