13 1493.6017699115043 424.8318584070796 157.22123893805292 157.2212389380531
2 1164.1061946902655 627.212389380531 227.46902654867267 227.46902654867256
1 1816.4070796460176 657.3185840707965 234.15929203539827 234.15929203539838
3 1018.5929203539822 1120.6194690265488 190.67256637168146 190.67256637168134
11 1936.8318584070798 1142.362831858407 207.3982300884952 207.39823008849544
4 1047.0265486725664 1480.221238938053 180.63716814159307 180.63716814159307
6 1225.991150442478 1388.2300884955753 230.81415929203536 230.81415929203536
5 1719.398230088496 1393.247787610619 187.32743362831843 187.32743362831866
7 1224.3185840707965 2266.327433628319 207.39823008849567 207.39823008849544
8 1645.8053097345132 2319.849557522124 247.53982300884968 247.53982300884945
10 1247.7345132743362 2818.274336283186 180.63716814159307 180.63716814159307
0 1527.0370645658859 225.45805270280158 152.68624231041827 152.68624231041827
9 1601.3771279741102 2793.806677971198 121.24576164415066 121.24576164415066
12 1895.504854368932 1513.8349514563108 121.10679611650494 121.10679611650494
