9 1569.9627601314348 2641.44578313253 89.42825848849952 89.42825848849952
10 1384.4819277108434 2638.1336254107337 96.05257393209195 96.05257393209195
8 1614.6768893756848 2176.0876232201526 105.9890470974808 105.98904709748058
7 1346.3921139101863 2166.151150054765 112.61336254107323 112.61336254107346
5 1666.0153340635266 1531.8729463307773 135.79846659364716 135.79846659364716
6 1334.799561883899 1548.4337349397588 155.67141292442489 155.67141292442489
12 1758.7557502738223 1598.1161007667029 69.5553121577218 69.55531215772157
4 1258.6199342825848 1611.3647316538882 82.80394304490687 82.80394304490687
11 1762.0679079956185 1396.0744797371303 89.42825848849952 89.4282584884993
3 1225.4983570646223 1386.1380065717415 109.30120481927702 109.30120481927725
1 1735.570646221248 988.6790799561882 135.79846659364716 135.79846659364728
2 1251.9956188389924 982.054764512596 129.17415115005497 129.17415115005485
13 1483.8466593647315 826.3833515881709 89.42825848849952 89.42825848849952
0 1487.158817086528 654.1511500547645 129.17415115005474 129.17415115005485
