0 1460.5130533484676 370.7060158910329 185.35300794551654 185.35300794551642
2 1139.577752553916 846.1021566401818 195.65039727582302 195.65039727582302
1 1688.7718501702602 794.6152099886493 195.65039727582302 195.65039727582302
4 1105.253121452894 1673.3257661748014 133.86606129398433 133.86606129398433
12 1784.8808172531203 1669.8933030646995 133.8660612939841 133.8660612939841
6 1182.4835414301929 1530.8785471055621 226.54256526674249 226.54256526674249
5 1632.1362088535752 1537.7434733257664 226.54256526674249 226.54256526674249
7 1230.5380249716236 2141.8569807037466 226.54256526674249 226.54256526674226
8 1553.1895573212264 2186.4790011350756 226.54256526674249 226.5425652667427
10 1163.6049943246312 2744.254256526675 147.59591373439298 147.59591373439298
9 1630.419977298525 2836.9307604994337 147.59591373439298 147.59591373439298
13 1431.3371169125992 598.9648127128264 154.4608399545973 154.4608399545972
3 1042.2376184929049 1247.700305591386 99.8381523522686 99.83815235226871
11 1836.6640593531008 1253.4053428686584 96.98563371363252 96.98563371363252
