0 1487.400681044268 355.91373439273553 258.5244040862656 258.5244040862657
13 1490.9421112372306 607.3552780930761 173.5300794551647 173.5300794551647
2 1257.2077185017024 823.3825198637911 223.11010215664032 223.1101021566401
1 1721.1350737797961 809.216799091941 223.11010215664032 223.1101021566401
3 1163.359818388196 1267.8320090805898 155.82292849035207 155.82292849035184
11 1807.900113507378 1324.4948921679907 155.82292849035184 155.82292849035207
4 1196.0395217957937 1590.5948848018986 112.83303801308557 112.83303801308557
12 1896.4358683314417 1682.1793416572086 134.57434733257674 134.57434733257674
6 1281.5943140169734 1588.7348573791685 212.48581157775266 212.48581157775288
5 1691.279281220472 1648.0645995602335 212.48581157775266 212.48581157775266
7 1283.7684449489225 2124.858115777525 212.48581157775266 212.48581157775266
8 1624.3062110634041 2278.6423921926535 212.48581157775266 212.48581157775288
10 1250.1248581157788 2686.174801362088 166.44721906923974 166.44721906923905
9 1629.0578887627712 2806.5834279228147 166.44721906923974 166.44721906923905
