0 1515.3121577217962 712.1139101861991 132.48630887185095 132.48630887185084
13 1521.936473165389 887.6582694414019 66.24315443592536 66.24315443592536
2 1301.6779846659365 1015.1763417305586 149.04709748083246 149.04709748083246
1 1717.3537787513687 1010.2081051478638 145.73493975903602 145.7349397590359
3 1199.001095290252 1392.7623220153341 96.05257393209195 96.05257393209217
11 1834.935377875137 1386.1380065717415 109.30120481927702 109.30120481927725
4 1180.7842278203725 1675.9518072289159 72.86746987951801 72.86746987951801
12 1869.7130339539976 1669.3274917853232 72.86746987951824 72.86746987951824
6 1316.58269441402 1735.5706462212484 152.3592552026289 152.35925520262867
5 1707.41730558598 1732.2584884994521 145.73493975903648 145.73493975903625
7 1366.2650602409635 2229.082146768893 112.61336254107323 112.61336254107346
8 1651.1106243154431 2229.0821467688943 112.61336254107323 112.613362541073
10 1367.921139101862 2757.3713033954 82.80394304490687 82.80394304490665
9 1636.2059145673602 2760.6834611171953 82.80394304490665 82.80394304490665
