0 1482.8240635641316 653.8842224744608 216.24517593643577 216.24517593643588
13 1493.8132975254562 879.2482773997464 110.8678869058806 110.8678869058806
2 1290.2525871408889 1035.553822873611 172.66310255833855 172.66310255833832
1 1760.9867299052003 1075.5389624134366 139.94798838938982 139.94798838939005
3 1215.7348270893954 1466.3028260980973 136.31297570395145 136.31297570395168
11 1782.7968060178337 1451.762775356342 107.23287422044177 107.23287422044154
4 1165.753402664613 1758.012594104553 83.60529176509021 83.60529176509044
12 1705.552786452261 1743.472543362799 69.06524102333537 69.0652410233356
6 1334.7814925375128 1739.8375306773596 181.75063427193504 181.75063427193504
5 1646.4838303138813 1726.2062331069637 154.48803913114511 154.48803913114511
7 1387.4891764763747 2270.54938275141 167.2105835301802 167.21058353018043
8 1608.3161971167754 2246.0130471246994 150.8530264457063 150.8530264457063
10 1432.9268350443579 2824.888817280813 105.41536787772247 105.41536787772247
9 1624.6737542012506 2762.184848456995 99.96284884956435 99.96284884956458
