0 1721.1350737797957 292.1679909194097 237.27582292849024 237.27582292849024
13 1721.1350737797952 490.4880817253121 88.53575482406382 88.53575482406353
2 1476.7763904653802 727.7639046538023 201.86152099886453 201.86152099886476
1 2041.6345062429054 687.0374574347334 205.4029511918277 205.4029511918277
3 1390.011350737798 1172.2133938706015 99.16004540295125 99.16004540295103
11 2121.316685584563 1177.5255391600451 166.4472190692395 166.4472190692395
4 1432.5085130533485 1512.1906923950057 99.16004540295125 99.16004540295125
12 2176.208853575482 1544.0635641316685 106.24290578887621 106.24290578887621
6 1457.298524404086 1561.7707150964811 205.40295119182747 205.4029511918277
5 1917.6844494892166 1618.4335981838817 219.56867196367762 219.56867196367762
7 1496.2542565266742 2284.22247446084 191.23723041997755 191.23723041997755
8 1733.5300794551647 2323.1782065834277 198.3200908059025 198.3200908059025
10 1506.8785471055617 2748.1498297389335 134.5743473325765 134.57434733257696
9 1659.1600454029513 2815.4370034052217 127.49148694665132 127.49148694665155
