0 1510.5190989226248 362.82076395690484 210.28795298726732 210.28795298726732
13 1503.1145935357495 580.513222331048 154.01371204701286 154.0137120470127
2 1246.9187071498523 777.4730656219392 186.59353574926558 186.5935357492657
3 1201.0107737512244 1223.2242899118514 154.01371204701286 154.01371204701286
4 1208.4152791381 1520.8854064642508 127.35749265426057 127.35749265426057
11 1797.8139079333985 1245.437806072478 156.97551420176296 156.97551420176296
12 1796.3330068560235 1578.640548481881 136.24289911851133 136.24289911851133
6 1334.2918707149856 1608.2585700293835 189.5553379040157 189.55533790401591
5 1648.2428991185116 1608.258570029383 183.63173359451525 183.63173359451503
7 1344.6581782566113 2110.2840352595504 162.8991185112634 162.89911851126362
10 1378.7189030362388 2564.9206660137115 130.31929480901067 130.31929480901044
9 1557.9079333986288 2578.248775710088 115.51028403525947 115.51028403525925
1 1768.8625850767885 809.2990843972837 180.66993143976492 180.66993143976492
8 1606.3694044409826 2103.5293842219985 138.5089671703638 138.50896717036358
