0 1661.5710088148871 383.5533790401567 233.98237022526973 233.9823702252695
13 1627.5102840352595 648.6346718903039 154.0137120470131 154.01371204701297
2 1427.5886385896179 777.4730656219392 145.12830558276187 145.12830558276187
3 1326.8873653281098 1245.437806072478 133.281096963761 133.281096963761
4 1212.8579823702253 1593.4495592556316 106.62487757100894 106.62487757100871
1 1815.5847208619 798.2056807051908 168.82272282076383 168.82272282076394
11 1925.1714005876593 1278.0176297747307 139.2047012732612 139.2047012732612
12 1898.5151811949067 1517.9236043095002 103.66307541625838 103.66307541625815
6 1451.28305582762 1627.5102840352595 174.74632713026426 174.7463271302645
7 1440.9167482859943 2179.8863858961804 154.01371204701286 154.01371204701263
10 1412.7796278158667 2684.873653281097 121.43388834476013 121.43388834476036
8 1705.998041136141 2181.367286973555 156.97551420176296 156.97551420176296
9 1689.7081292850148 2618.2331047992166 106.62487757100894 106.62487757100916
5 1753.5248535985058 1608.2057962042718 151.05190989226276 151.05190989226298
