0 1514.3683492496589 430.6357435197817 232.6657571623466 232.6657571623466
13 1500.081855388813 673.506139154161 146.9467939972717 146.94679399727147
2 1222.5156889495224 832.6984993178717 195.9290586630284 195.9290586630285
1 1769.4843110504776 808.2073669849933 179.60163710777647 179.60163710777647
11 1824.5893587994542 1393.9536152796727 134.7012278308323 134.70122783083207
4 1153.1241473397 1583.7598908594819 89.8008185538879 89.80081855388812
12 1802.1391541609821 1583.7598908594816 97.96452933151431 97.96452933151431
6 1316.3983628922238 1579.6780354706684 171.43792633015005 171.43792633014982
5 1640.905866302865 1610.2919508867667 183.68349249658922 183.68349249658945
7 1342.9304229195088 2300.1255115961803 175.51978171896326 175.51978171896326
8 1644.987721691678 2283.7980900409275 167.35607094133684 167.35607094133684
10 1318.4392905866302 2753.211459754434 118.37380627557968 118.37380627557968
9 1642.9467939972715 2763.4160982264666 97.96452933151431 97.96452933151431
3 1159.508792840125 1304.6265478164537 130.61937244201908 130.61937244201908
