0 1498.4884994523554 222.12486308871848 157.19605695509313 157.1960569550931
13 1507.0317634173055 486.9660460021905 119.60569550930995 119.6056955093099
1 1870.9748083242057 669.791894852136 150.3614457831327 150.36144578313258
3 1120.8762322015332 1194.3483023001095 133.27491785323105 133.27491785323105
11 1898.3132530120479 1192.6396495071194 123.02300109529028 123.02300109529028
4 1112.3329682365827 1503.6144578313256 75.18072289156635 75.18072289156635
12 1944.446878422782 1508.7404162102957 78.59802847754645 78.59802847754645
6 1243.8992332968241 1518.9923329682365 181.1171960569552 181.1171960569552
5 1770.1642935377872 1501.905805038335 167.4479737130339 167.4479737130339
7 1279.7809419496166 2210.9967141292445 157.19605695509313 157.19605695509335
8 1718.9047097480834 2236.6265060240967 146.94414019715236 146.94414019715214
10 1281.4895947426066 2663.789704271632 105.93647316538886 105.93647316538909
9 1735.9912376779844 2674.0416210295734 105.93647316538909 105.93647316538909
2 1233.6958483028375 634.9126181513515 136.3307454732119 136.33074547321166
