0 1610.6987951807228 222.8433734939759 150.7469879518071 150.74698795180723
13 1599.2289156626507 470.26506024096386 101.59036144578317 101.59036144578317
2 1286.265060240964 698.0240963855422 157.30120481927725 157.30120481927713
3 1238.7469879518071 1224.0 121.25301204819266 121.25301204819289
11 2007.2289156626507 1196.144578313253 111.42168674698837 111.42168674698814
4 1305.9277108433735 1536.9638554216867 98.31325301204834 98.31325301204811
12 1981.0120481927709 1520.5783132530119 91.7590361445782 91.75903614457798
5 1912.1927710843374 1517.3012048192772 163.85542168674692 163.85542168674715
7 1510.7469879518076 2236.6265060240967 167.13253012048176 167.13253012048153
8 1818.7951807228915 2233.3493975903616 173.68674698795144 173.68674698795166
10 1505.831325301205 2785.5421686747 111.42168674698769 111.42168674698769
9 1822.0722891566265 2780.6265060240967 108.14457831325308 108.14457831325308
1 1938.9902912621378 708.0582524271845 167.02912621359224 167.02912621359224
6 1425.1941747572816 1537.7572815533981 236.01941747572846 236.01941747572823
