0 1695.0857142857144 528.4571428571428 223.08571428571418 223.0857142857143
13 1711.7566203105257 813.4785904069427 137.4978809683264 137.49788096832606
2 1409.7523460408095 1066.3764786165425 181.69362842243072 181.69362842243083
1 2030.9481297012824 1078.6530751315713 196.42554424046602 196.42554424046557
3 1353.2800020716754 1682.6616236710042 157.14043539237264 157.14043539237286
11 2146.3481369425563 1675.2956657619866 152.22979678636102 152.22979678636125
4 1370.4672371927159 1974.8446207286975 112.9446879382674 112.9446879382674
12 2121.7949439124977 1974.844620728697 122.76596515029132 122.7659651502911
6 1542.3395884031238 1891.363764426499 162.05107399838448 162.05107399838448
5 1937.6459961870614 1898.7297223355167 176.78298981641933 176.7829898164191
7 1542.3395884031238 2588.674446480153 162.05107399838403 162.05107399838425
8 1890.9949294299508 2578.85316926813 171.87235121040771 171.87235121040794
10 1552.1608656151473 3256.5212968977376 132.58724236231456 132.58724236231456
9 1878.7183329149216 3263.8872548067548 147.31915818034918 147.31915818034895
