0 1165.051078320091 201.85187287173676 219.46311010215686 219.46311010215686
13 1163.6963677639046 387.4472190692395 108.37684449489234 108.37684449489217
2 995.7122587968217 568.9784335981839 140.8898978433599 140.88989784335985
1 1414.317820658343 545.9483541430193 149.0181611804769 149.01816118047685
3 921.2031782065834 949.6520998864926 105.6674233825197 105.66742338251981
11 1495.600454029512 927.9767309875141 100.2485811577751 100.2485811577751
4 942.8785471055619 1193.5 73.15437003405225 73.15437003405191
12 1511.8569807037459 1166.405788876277 62.31668558456295 62.31668558456295
6 1059.383654937571 1198.918842224745 186.95005675368895 186.95005675368884
5 1369.6123723041997 1194.8547105561865 189.65947786606148 189.65947786606125
7 1142.0209988649262 1752.995459704881 108.37684449489234 108.37684449489234
8 1342.5181611804767 1747.5766174801363 102.95800227014752 102.95800227014752
10 1181.3076049943252 2201.404653802497 89.41089670828615 89.41089670828615
9 1315.4239500567537 2200.049943246312 86.70147559591351 86.70147559591396
