0 1532.3564730408752 448.5715935434058 166.00715529418494 166.00715529418488
13 1519.8276311318803 749.2637993592878 125.28841908995082 125.28841908995093
2 1208.1726886456274 890.2132708354824 140.9494714761945 140.9494714761945
1 1817.3876264705132 919.9692703693456 140.94947147619473 140.94947147619462
3 1187.8133205435104 1341.2515795593054 131.5528400444482 131.5528400444482
11 1827.567310521572 1359.261789803486 126.85452432857551 126.85452432857528
4 1201.1252150718178 1656.821785142119 73.60694621534617 73.60694621534617
12 1784.4994164594011 1643.5098906138119 78.30526193121932 78.30526193121932
6 1308.4034239175883 1612.187785841324 147.21389243069234 147.21389243069234
5 1683.4856285681285 1609.8386279833871 142.51557671481874 142.51557671481874
7 1357.7357389342562 2256.6400915352588 158.1766291010631 158.1766291010631
8 1635.7194187900848 2249.592617961449 156.61052386243864 156.61052386243864
10 1381.227317513622 2756.2276626564376 108.06126146508268 108.06126146508268
9 1622.4075242617776 2762.492083610935 108.06126146508268 108.06126146508268
