0 808.6285714285715 241.2761904761905 90.85714285714289 90.85714285714289
13 820.8567961165049 360.0655339805826 48.62621359223306 48.62621359223306
12 987.5752427184464 975.9975728155339 53.257281553398 53.25728155339789
6 709.7111650485438 918.1092233009708 94.93689320388341 94.9368932038833
5 885.6917475728156 938.9490291262136 104.19902912621365 104.19902912621353
7 696.9757281553398 1280.4902912621367 87.99029126213588 87.990291262136
8 877.5873786407767 1308.2766990291263 83.35922330097083 83.35922330097083
10 646.0339805825242 1583.8252427184466 46.31067961165047 46.310679611650585
9 818.5412621359224 1631.293689320389 53.257281553398116 53.257281553398116
11 947.0533980582525 782.6504854368932 69.46601941747565 69.46601941747588
1 928.5291262135922 488.5776699029126 87.99029126213588 87.99029126213594
2 678.0200166520956 479.01540116499905 75.28669174339439 75.28669174339439
3 653.8207228774324 700.39412569617 57.361288947348044 57.361288947348044
