0 1609.9029436773512 246.12972771194882 195.7999583011558 195.79995830115584
2 1282.66319855366 700.2768532160187 157.72774418704216 157.72774418704228
1 1791.1992013636063 563.3981786628956 184.92218283998068 184.9221828399805
3 1215.5835832097455 1133.5749090861696 143.2240435721419 143.22404357214168
11 1885.47325536046 1042.02029895461 181.29625768625533 181.29625768625533
4 1269.065979227191 1533.3331572843622 90.64812884312778 90.64812884312778
12 1948.9269455506487 1536.9590824380875 101.52590430430291 101.52590430430314
6 1369.6854022430634 1380.1378195394768 172.23144480194264 172.23144480194264
5 1799.3575329594892 1378.3248569626148 190.36107057056802 190.36107057056802
7 1514.7224083920669 2241.29504354919 175.85736995566776 175.85736995566822
8 1679.702002886559 2246.7339312797776 186.73514541684358 186.73514541684335
10 1505.6575955077542 2839.572693913833 125.09441780351631 125.09441780351654
9 1615.3418314079383 2847.731025509714 137.78515584155411 137.78515584155411
13 1605.6365482233502 409.8517766497461 144.2923857868018 144.2923857868019
