0 1525.7298524404086 408.46311010215663 295.1918274687853 295.1918274687855
13 1508.5675368898978 614.410896708286 137.29852440408627 137.29852440408627
2 1306.0522133938707 782.6015891032916 123.56867196367762 123.56867196367773
1 1738.5425652667427 782.6015891032916 137.29852440408627 137.29852440408627
3 1242.5516458569807 1233.9704880817253 99.54143019296271 99.54143019296248
12 1781.4483541430193 1608.10896708286 85.8115777525536 85.81157775255383
6 1299.187287173666 1623.5550510783198 199.0828603859252 199.08286038592541
5 1616.6901248581148 1625.271282633371 195.65039727582302 195.65039727582302
7 1306.0522133938707 2138.424517593644 123.56867196367762 123.56867196367739
8 1578.933030646992 2157.3030646992056 140.73098751418843 140.73098751418866
10 1306.0522133938703 2653.293984108967 96.10896708286032 96.10896708286054
9 1482.8240635641316 2713.362088535755 92.67650397275838 92.67650397275884
11 1748.3958235538598 1281.8292750353858 116.70374574347329 116.70374574347352
4 1238.0333006856026 1581.602350636631 65.15964740450522 65.159647404505
