0 1570.1733518301512 375.0226314849697 153.4143907223886 153.41439072238876
13 1570.883603639051 604.4339657596529 115.06079304179184 115.0607930417915
2 1291.0443909324708 759.2688600998415 146.31187263338938 146.31187263338938
1 1829.4152620786326 753.5868456286419 146.31187263338916 146.31187263338904
3 1223.5704690869757 1167.6636502173124 125.00431836639086 125.00431836639086
11 1941.6350478848249 1169.794405644011 126.42482198419066 126.42482198419088
4 1242.7472679272746 1519.2382956227857 78.1276989789942 78.1276989789942
12 1923.1685008534248 1514.9767847693865 83.80971345019407 83.80971345019407
6 1367.751586293665 1530.6023245651845 166.19892328258766 166.19892328258766
5 1756.969577570838 1533.4433318007843 171.8809377537873 171.8809377537873
7 1425.9922346234607 2124.372836805542 183.24496669618634 183.24496669618657
8 1740.633785966138 2126.5035922322413 187.50647754958618 187.5064775495864
10 1487.0738901888562 2702.5178092500996 89.49172792139302 89.49172792139325
9 1683.1033894452432 2711.0408309568993 89.4917279213937 89.4917279213937
