0 1749.975568315401 349.7006480650422 138.98200330836698 138.98200330836715
13 1719.762089335321 597.4511757016965 78.55504534820761 78.5550453482075
2 1582.2907599759583 765.1359840411392 148.0460470023911 148.046047002391
1 1926.7244203488676 772.0538454086463 123.87526381832731 123.87526381832743
3 1438.776734820579 1274.233104855484 102.72582853227163 102.72582853227141
11 1962.9805951249637 1281.7864746005037 81.5763932462155 81.5763932462155
4 1363.2430373703792 1600.5386778403458 84.59774114422339 84.59774114422339
12 1904.064311113808 1540.1117198801862 66.4696537561756 66.46965375617538
6 1547.5452591488663 1639.816200514448 126.89661171633543 126.89661171633543
5 1839.1053313066363 1608.092047585364 105.7471764302793 105.7471764302793
7 1583.8014339249623 2225.9576927279977 114.81122012430342 114.81122012430342
8 1811.9132002245647 2170.0627566148505 93.66178483824706 93.66178483824751
10 1570.205368383926 2744.1188572363662 81.5763932462155 81.5763932462155
9 1772.6356775504605 2689.734595072222 81.5763932462155 81.5763932462155
