0 1194.4971623155504 331.2326901248581 188.78547105561847 188.78547105561853
13 1188.8148994415956 530.7084799861419 145.03916707986923 145.0391670798693
2 923.435264023719 726.7215572353857 165.00832776477864 165.00832776477876
1 1471.5361744016302 692.5637823796192 170.26337005028108 170.2633700502812
3 872.9868580828947 1148.5262633022312 137.68210788016574 137.68210788016563
11 1535.1221860562105 1182.1585339294472 154.49824319377353 154.4982431937733
12 1539.3262198846123 1513.2261979161053 114.55992182395471 114.55992182395471
6 1043.2502281331758 1418.6354047028276 198.64059839199467 198.6405983919949
5 1411.628692346902 1422.3139343026792 193.38555610649223 193.38555610649223
7 1158.3356541856808 2041.3578834606415 182.87547153548712 182.87547153548712
8 1385.8789851479396 2079.7196921448112 186.02849690678863 186.0284969067884
10 1143.0960315577238 2595.7648445811556 133.47807405176354 133.47807405176354
9 1338.5836045784167 2619.9380390944684 148.19219245117074 148.19219245117074
4 958.1429970617042 1503.1145935357495 97.73947110675817 97.73947110675795
