0 1524.1555834378923 358.5144291091594 251.52321204516943 251.52321204516943
13 1471.5984943538267 580.0050188205771 131.39272271016307 131.39272271016318
2 1190.0426599749057 831.5282308657465 274.0476787954831 274.0476787954831
1 1717.4905897114193 825.8971141781681 247.76913425345037 247.76913425345026
11 1841.3751568381435 1362.7302383939773 97.60602258469225 97.60602258469248
3 1068.0351317440402 1332.6976160602258 120.13048933500647 120.13048933500636
5 1668.6875784190718 1599.237139272271 210.22835633626119 210.22835633626119
6 1233.2145545796736 1595.4830614805524 217.73651191969884 217.7365119196993
8 1608.622333751569 2289.987452948558 142.65495608532 142.65495608532
7 1268.8782936010034 2299.3726474278533 146.40903387703906 146.4090338770393
10 1283.541625857003 2845.4769833496575 111.35749265426034 111.35749265426057
9 1582.4485798237022 2827.894221351616 111.35749265426057 111.35749265426057
4 1075.4789422135163 1652.7796278158673 87.91380999020544 87.91380999020566
12 1759.741429970617 1671.8276199804113 79.12242899118496 79.12242899118496
