0 2308.4444444444443 518.2222222222221 201.90476190476193 201.90476190476164
13 2254.9657198824684 805.6415279138105 157.80607247796343 157.80607247796308
2 1953.8883447600392 1023.6630754162585 195.18119490695426 195.18119490695403
1 2481.292850146914 1019.5102840352595 153.65328109696338 153.6532810969635
3 1748.3251714005876 1769.0891283055828 166.11165523996078 166.11165523996078
4 1617.5122428991185 2257.042115572968 128.73653281096972 128.7365328109695
11 2605.8765915768854 1820.9990205680708 128.7365328109695 128.7365328109695
12 2495.8276199804113 2196.826640548482 74.75024485798258 74.75024485798258
6 1899.9020568070523 2298.5700293829573 195.18119490695403 195.18119490695335
5 2404.466209598432 2321.4103819784523 182.72282076395686 182.72282076395686
7 1974.652301665034 3154.0450538687564 211.79236043094988 211.79236043094988
10 1945.5827619980412 3793.5749265426048 170.26444662095992 170.26444662095992
9 2315.1811949069534 3752.0470127326153 161.95886385896165 161.95886385896165
8 2338.021547502448 3151.9686581782566 199.33398628795294 199.33398628795294
