0 900.2363636363636 98.53333333333333 100.32484848484853 100.32484848484847
13 876.9466666666667 222.14787878787877 57.32848484848489 57.328484848484834
2 747.0618181818181 307.2448484848485 98.53333333333342 98.5333333333333
1 980.8545454545455 313.51515151515156 93.15878787878796 93.15878787878796
3 685.2545454545455 573.2848484848485 60.91151515151512 60.91151515151512
11 1017.580606060606 558.0569696969696 55.53696969696966 55.53696969696978
4 669.130909090909 718.3975757575759 42.996363636363526 42.996363636363526
12 1010.4145454545453 697.7951515151515 48.370909090909095 48.370909090909095
6 764.0812121212123 770.3515151515152 96.7418181818183 96.74181818181819
7 787.3709090909092 1091.0327272727272 78.82666666666671 78.8266666666666
10 814.2436363636364 1359.7600000000002 53.74545454545455 53.74545454545478
9 939.649696969697 1349.010909090909 53.74545454545455 53.74545454545478
8 939.2775661266471 1054.6635462456572 71.66060606060603 71.66060606060591
5 971.303395399781 758.4260679079957 92.27382256297926 92.27382256297926
