0 1824.5093704359606 238.55618234098472 143.55743445616508 143.5574344561651
13 1798.304441924121 522.2530170995968 109.37709291898295 109.37709291898301
2 1521.443675472945 767.2121314494025 134.44267671291664 134.44267671291652
1 2019.3373171978988 747.8432712449992 132.16398727710475 132.16398727710464
3 1438.2715110658019 1294.7287358399144 109.37709291898295 109.37709291898295
11 2103.648826322948 1319.7943196338476 104.8197140473585 104.8197140473585
4 1428.0174086046472 1571.5895022910897 75.19675138180105 75.19675138180082
12 2107.066860476666 1589.819017777587 75.19675138180128 75.19675138180082
7 1608.033874033807 2271.147159085419 111.65578235479529 111.65578235479506
8 1908.8208795610096 2280.2619168286674 116.21316122641929 116.21316122641974
10 1633.0994578277403 2781.5735927073392 88.8688879966735 88.8688879966735
9 1860.9684014089546 2790.6883504505877 97.9836457399224 97.98364573992194
6 1585.4909531510848 1526.8123251242464 185.92481693249033 185.92481693249033
5 1975.0763040370289 1533.6625019592689 184.3962849568909 184.3962849568909
