0 1518.1882673942698 241.3424283765347 185.64802182810354 185.64802182810354
13 1532.6275579809003 523.9399727148704 132.01637107776264 132.01637107776264
2 1332.5402455661665 748.7803547066849 218.65211459754437 218.65211459754437
1 1800.7858117326055 775.5961800818554 198.02455661664385 198.02455661664385
3 1212.9004092769442 1342.8540245566169 185.64802182810377 185.64802182810377
11 1868.8567530695768 1293.3478854024556 119.6398362892221 119.63983628922233
4 1167.5197817189633 1611.0122783083216 127.89085948158254 127.89085948158254
6 1425.3642564802185 1608.9495225102316 198.02455661664385 198.02455661664362
5 1753.3424283765348 1594.5102319236016 169.14597544338312 169.14597544338335
7 1478.9959072305592 2384.5457025920873 165.02046384720347 165.02046384720325
10 1524.3765347885405 2842.4774897680763 99.01227830832204 99.01227830832204
9 1707.961800818554 2749.653478854025 111.38881309686212 111.38881309686212
8 1722.342349180923 2239.8590856044793 156.7694406548428 156.76944065484304
