0 1521.1170570223644 225.33709540439145 146.74431201058155 146.74431201058152
13 1493.0888722020834 449.56359569320955 93.11346818837683 93.11346818837677
2 1261.4768545871293 550.2349347611636 118.8507650994793 118.85076509947936
1 1682.4946021764254 648.3748186408723 129.90614468253216 129.90614468253239
3 1193.7751143183505 907.6632929064104 89.04856691947793 89.04856691947793
11 1694.0185343660057 999.3309353235202 121.52510309011086 121.52510309011075
4 1208.965752204615 1143.9039027927904 52.38150995263413 52.38150995263413
12 1695.5899796645847 1239.7620660061114 70.19122333652967 70.19122333652967
6 1272.347379247302 1186.3329258544231 107.90591050242597 107.90591050242597
5 1587.1602540626322 1193.1425221482655 119.42984269200588 119.42984269200588
7 1293.8237983278818 1626.8614245560752 102.6677595071626 102.6677595071626
8 1475.0638227639947 1648.8616587361819 108.95354070147869 108.95354070147869
10 1304.300100318408 1956.864937257671 69.14359313747696 69.14359313747696
9 1374.4913236549387 1984.1033224330395 73.3341139336876 73.33411393368738
