0 1660.7128263337117 293.7661748013621 166.41089670828615 166.41089670828615
13 1631.4848884422381 520.1612648174527 121.41211215954058 121.41211215954058
2 1418.5861847258607 649.2685108462599 174.42303437004398 174.4230343700441
1 1895.6844846203935 733.05996853383 143.64249889297753 143.64249889297741
3 1335.649741912653 1084.4710818970075 131.672290651896 131.67229065189622
11 1905.089648238386 1169.9725693333037 107.73187416973337 107.73187416973315
4 1306.5792361843128 1399.1165556625776 76.9513386926667 76.95133869266692
6 1474.1621515594532 1311.9050384775555 179.55312361622236 179.55312361622236
5 1782.8225212044822 1329.8603508391777 157.32273688278542 157.3227368827852
7 1530.5931332674086 1941.1959860086954 169.29294512386673 169.29294512386673
8 1741.7818072350606 1921.530643898347 153.90267738533316 153.90267738533316
10 1585.3140852266383 2520.896070826783 107.73187416973337 107.73187416973315
9 1727.24655437089 2503.795773339524 104.31181467228112 104.31181467228089
