0 1216.861568338512 302.92498744011215 184.45628720374407 184.45628720374398
13 1255.0412963891356 561.5099213570173 133.13124581714965 133.1312458171496
2 1016.0597977501543 817.9512555130024 174.5983551700324 174.5983551700324
3 1022.60723606903 1280.6368967135877 104.75901310201937 104.75901310201925
11 1567.1358562555683 1270.8157392352734 159.32099909265435 159.32099909265435
12 1612.9679244877022 1611.2825318168364 102.57653366239401 102.57653366239401
6 1073.8955029002275 1493.4286420770654 181.14579348890857 181.14579348890834
5 1432.9133707186065 1498.8848406761288 192.05819068703568 192.05819068703613
7 1163.3771599248687 2174.362227240191 176.78083460965763 176.78083460965763
8 1380.5338641675967 2206.0081791147595 187.69323180778497 187.6932318077852
10 1143.7348449682408 2737.441922663546 120.03636917939752 120.0363691793973
9 1355.4353506119046 2816.0111824900605 133.13124581714987 133.1312458171501
1 1494.7197998325798 666.3425894917979 157.96260947068367 157.9626094706839
