0 2306.201058201058 1180.0211640211637 161.52380952380918 161.5238095238094
13 2288.340713947772 1412.4981183034142 117.7207789844565 117.7207789844565
2 2022.2917534428998 1631.458767214504 145.97376594072625 145.97376594072625
1 2544.972012133888 1607.9146114176124 131.84727246259126 131.8472724625915
3 1975.2034418491176 2198.8729219195848 127.13844130321309 127.13844130321286
11 2609.7184405753396 2148.2529869562686 105.94870108601162 105.94870108601117
4 1901.0393510889098 2532.0227264455975 115.3663634047673 115.36636340476707
12 2610.895648365184 2504.9469472791725 89.46779202818743 89.46779202818743
6 2117.6455844203106 2546.1492199237327 134.2016880422807 134.2016880422807
5 2535.5543498151314 2509.6557784385504 131.84727246259172 131.84727246259126
7 2167.0883115937822 3287.790127525811 167.16350615792908 167.16350615792862
8 2491.9976615908818 3250.1194782507837 171.87233731730703 171.87233731730657
10 2241.2524023539895 3832.8373342238447 113.0119478250781 113.0119478250781
9 2429.6056487291203 3806.9387628472646 122.4296101438349 122.4296101438349
