0 1510.3999999999996 313.6000000000001 185.59999999999968 185.59999999999994
13 1492.2944273910412 487.9647540215528 103.918118776048 103.91811877604789
2 1246.999333070835 648.675333058929 159.5022288190503 159.50222881905017
1 1702.5473653797894 715.1345950668667 147.41872663578897 147.41872663578886
3 1135.8311129848305 1119.931918206123 135.33522445252765 135.33522445252743
11 1740.0062221478997 1132.015420389384 116.0016209593091 116.00162095930887
4 1027.079593335478 1501.7705871971827 106.33481921270004 106.33481921270004
12 1679.5887112315927 1475.1868823940076 77.33441397287265 77.33441397287243
6 1224.0406789226386 1452.228228245811 161.91892925570255 161.91892925570255
5 1613.9484023878242 1436.9893905734402 140.16862532583218 140.16862532583218
7 1260.291185472423 2232.822469284496 161.91892925570232 161.91892925570255
8 1578.0872928921976 2163.946506839905 154.66882794574553 154.66882794574576
10 1234.9158308875737 2748.788012509757 125.6684227059186 125.6684227059186
9 1520.0864824125424 2671.453598536884 116.00162095930932 116.0016209593091
