0 1491.167887730841 354.5152895355501 174.38973358392195 174.3897335839219
13 1485.1246791412987 629.9129381161 124.31743384200377 124.31743384200377
2 1265.8425388922092 812.9358268279386 151.94353025133796 151.94353025133785
1 1774.3353759265165 818.9790354174808 132.95058896992055 132.95058896992055
3 1189.0074582537482 1221.2840643784098 136.40385102108735 136.40385102108758
11 1808.0046809253927 1161.7152939957832 117.41090973966993 117.41090973966993
4 1187.280827228165 1554.5238523160024 91.51144435591937 91.51144435591937
6 1350.4474591457945 1583.0132642381282 179.56962666067193 179.56962666067216
5 1688.8671401601382 1574.3801091102118 172.66310255833832 172.66310255833855
7 1402.2463899132963 2168.341181910896 155.39679230250454 155.39679230250476
8 1672.464145417097 2101.8658874259354 143.31037512342095 143.31037512342095
10 1419.5127001691303 2670.790810355661 93.23807538150254 93.23807538150277
9 1736.3494933636807 2597.408991768367 88.05818230475256 88.05818230475279
