0 1652.267394270123 363.0450204638472 198.02455661664385 198.0245566166439
13 1639.8908594815825 614.7012278308322 123.76534788540243 123.76534788540243
2 1355.230559345157 825.1023192360165 214.52660300136426 214.52660300136438
1 1897.7353342428378 818.9140518417462 218.65211459754414 218.65211459754403
3 1245.9045020463846 1289.2223738062758 160.89495225102314 160.89495225102314
4 1250.0300136425649 1631.6398362892223 119.6398362892221 119.6398362892221
12 1947.2414733969981 1644.0163710777629 94.88676671214193 94.8867667121417
6 1417.1132332878583 1493.4351978171894 181.52251023192343 181.52251023192343
5 1809.0368349249657 1481.0586630286493 181.5225102319239 181.52251023192366
7 1439.8035470668485 2188.5839017735334 210.40109140518416 210.40109140518416
8 1759.5306957708049 2182.3956343792634 198.02455661664385 198.02455661664362
10 1369.6698499317872 2724.900409276944 119.63983628922256 119.63983628922233
9 1796.6603001364256 2710.461118690314 107.26330150068202 107.26330150068179
11 2060.2025316455693 1259.0886075949368 139.44303797468365 139.44303797468365
