0 1443.9290586630289 266.0954979536154 210.40109140518462 210.4010914051843
13 1404.7366984993178 556.9440654843111 123.76534788540243 123.76534788540243
2 1181.9590723055935 763.2196452933151 222.77762619372425 222.77762619372447
1 1695.5852660300134 769.4079126875854 218.65211459754414 218.65211459754437
3 1087.0723055934513 1250.0300136425644 115.51432469304223 115.51432469304223
4 1080.8840381991813 1549.1296043656207 103.13778990450214 103.13778990450214
12 1835.8526603001364 1532.6275579809003 94.8867667121417 94.8867667121417
6 1305.7244201909962 1584.1964529331512 206.27557980900406 206.27557980900406
5 1662.5811732605735 1540.8785811732605 218.6521145975446 218.65211459754437
7 1373.795361527967 2312.349249658936 169.14597544338335 169.14597544338312
8 1594.5102319236016 2310.286493860846 165.02046384720325 165.02046384720325
10 1431.5525238744885 2844.5402455661665 111.38881309686235 111.38881309686258
9 1540.878581173261 2846.6030013642567 115.51432469304223 115.51432469304245
11 1824.6653952159738 1222.3425464212287 112.56330985358363 112.5633098535834
