0 1452.4609047439171 456.8366754299837 184.41769112247425 184.41769112247414
13 1447.3381911016263 646.3770801947492 128.06784105727388 128.06784105727377
2 1164.3082623650519 867.9344452238324 192.10176158591048 192.10176158591037
1 1750.8589744073654 893.5480134352872 192.10176158591048 192.10176158591048
3 1093.8709497835514 1350.750206009755 148.5586956264375 148.55869562643738
11 1800.8054324197026 1355.8729196520458 148.55869562643738 148.5586956264376
4 1125.8879100478707 1646.5869188520571 135.7519115207101 135.7519115207101
12 1789.2793267245486 1659.3937029577846 135.7519115207101 135.7519115207101
6 1252.675072694571 1696.533376864394 184.41769112247403 184.4176911224738
5 1659.9308072567014 1688.8493064009576 184.41769112247403 184.4176911224738
7 1319.270350044353 2221.611525199217 174.17226383789216 174.1722638378924
8 1616.3877412972283 2216.4888115569256 174.1722638378924 174.1722638378924
10 1355.1293455403897 2849.1439463798583 153.68140926872843 153.6814092687282
9 1598.4582435492098 2831.2144486318402 153.68140926872843 153.68140926872866
