13 1474.510497237569 659.5624309392265 128.93701657458587 128.93701657458575
2 1186.881767955801 861.2331491712707 201.67071823204424 201.670718232044
1 1798.5060773480661 864.539226519337 241.3436464088395 241.34364640883973
5 1694.364640883978 1553.8563535911603 244.64972375690604 244.64972375690604
8 1596.8353591160221 2243.1734806629834 254.56795580110474 254.5679558011052
9 1519.1425414364642 2773.798895027624 211.5889502762434 211.5889502762434
0 1477.8233889093406 446.28296320857385 228.11933701657472 228.11933701657472
3 1111.7895815350953 1383.9856466699634 123.85198110011265 123.85198110011265
11 1811.6496712417966 1404.2498988072741 141.95469101594222 141.954691015942
4 1127.9502937481307 1598.0719107296 113.07817295808877 113.07817295808877
6 1214.9027099158295 1601.1455339912059 208.83818900878032 208.83818900878032
7 1312.2350491420189 2236.56132596685 189.55704100098615 189.55704100098637
10 1332.707544809555 2767.764658389014 146.30037743582216 146.30037743582216
12 1778.238782393827 1631.9958977545698 83.2409031934369 83.2409031934369
