0 1309.4846765039727 288.3269012485812 260.8671963677639 260.8671963677639
13 1306.0522133938707 442.7877412031782 116.70374574347329 116.70374574347329
2 1100.104426787741 628.1407491486947 157.89330306469913 157.89330306469924
1 1522.2973893303065 659.0329171396141 151.02837684449491 151.02837684449514
3 1009.1441543700339 1017.7253121452894 106.40635641316669 106.4063564131668
11 1568.6356413166857 1028.022701475596 92.67650397275838 92.6765039727585
4 967.9545970488082 1374.7014755959137 85.81157775255394 85.81157775255406
6 1127.5641316685585 1273.4438138479002 205.94778660612928 205.94778660612928
5 1474.2429057888762 1280.3087400681047 219.67763904653816 219.67763904653816
7 1158.4562996594777 2001.1259931895574 130.43359818388194 130.43359818388217
8 1391.8637911464243 1973.66628830874 116.70374574347329 116.70374574347352
10 1221.9568671963675 2500.549375709421 78.9466515323495 78.94665153234973
9 1357.5391600454027 2485.1032917139614 82.37911464245167 82.3791146424519
