0 1697.8042659974903 495.1016311166876 210.30865746549557 210.30865746549563
13 1669.324968632371 681.3124215809282 127.06148055207018 127.06148055207018
2 1399.8670012547054 920.100376411543 280.4115432873275 280.4115432873276
1 1932.2107904642417 926.6725219573402 197.16436637390234 197.16436637390223
3 1228.99121706399 1494.0677540777917 148.9686323713929 148.9686323713927
11 2026.4115432873282 1388.9134253450443 113.91718946047718 113.91718946047695
5 1884.015056461733 1732.8557089084065 188.4015056461733 188.4015056461733
6 1399.867001254705 1805.1493099121708 236.5972396486825 236.59723964868272
8 1842.3914680050198 2493.0338770388967 175.25721455458006 175.25721455458006
7 1607.9849435382685 2543.4203262233373 170.8757841907152 170.87578419071542
10 1645.1047992164545 3081.5788442703233 129.96669931439783 129.96669931439783
9 1843.4750244857983 3040.536728697355 129.9666993143976 129.96669931439783
4 1238.103819784525 1853.7355533790405 88.92458374142984 88.92458374143007
