0 1598.6357435197815 259.9072305593451 189.77353342428364 189.77353342428364
13 1596.5729877216916 418.73942701227844 127.89085948158254 127.89085948158265
2 1410.9249658935878 517.7517053206003 177.39699863574356 177.39699863574356
3 1283.0341064120055 959.181446111869 218.65211459754437 218.65211459754437
4 1247.967257844475 1410.9249658935883 173.27148703956345 173.27148703956323
6 1485.1841746248294 1330.4774897680763 251.6562073669852 251.65620736698497
5 1837.9154160982266 1398.5484311050477 165.02046384720325 165.02046384720302
7 1547.0668485675308 2147.328785811733 235.15416098226478 235.15416098226456
8 1794.5975443383354 2048.3165075034103 193.89904502046375 193.89904502046375
10 1578.0081855388812 2801.2223738062758 148.51841746248283 148.51841746248283
9 1769.8444747612557 2733.1514324693044 119.63983628922256 119.63983628922233
1 1877.5116841257054 633.5535858178889 155.9516518936341 155.9516518936341
11 1959.7731294071377 1075.1962467639535 102.83780934898527 102.83780934898516
