0 1497.3025052577343 448.88121364279584 146.97494742265508 146.97494742265485
13 1538.1288795418047 659.5453049486013 137.1766175944781 137.1766175944781
2 1304.6020186369205 850.6127365980528 133.9105076517519 133.91050765175203
1 1861.4737638716458 842.4474617412386 150.24105736538058 150.24105736538047
3 1226.2153800115043 1258.8764794387607 107.78162810994695 107.78162810994695
11 1965.9892820388668 1293.1706338373801 111.04773805267268 111.04773805267268
4 1358.492832691893 1532.6852965214189 111.04773805267246 111.04773805267246
12 1962.7231720961413 1604.5397152613832 117.57995793812393 117.57995793812393
6 1387.8878221764244 1640.4669246313654 117.57995793812393 117.57995793812415
5 1817.3812796448497 1674.7610790299848 146.97494742265508 146.97494742265508
7 1515.266109942725 2216.390911416147 156.77327725083182 156.7732772508316
8 1737.3615860480704 2249.052010843404 163.30549713628375 163.30549713628352
10 1544.661099427256 2654.049643741386 130.6443977090264 130.6443977090271
9 1707.9665965635395 2676.9124133404666 143.7088374799289 143.70883747992912
