0 1583.2961626566216 428.7161497009609 140.30396017176122 140.30396017176133
13 1585.2448287701181 664.5047494340598 97.43330567483417 97.43330567483417
2 1392.3268835339463 845.7306979892514 132.50929571777442 132.50929571777442
1 1776.2141078927934 835.9873674217679 128.61196349078114 128.61196349078102
3 1302.6882423130987 1231.566588461595 93.53597344784089 93.53597344784066
11 1871.698747454131 1239.3612529155816 93.53597344784043 93.53597344784043
4 1331.9182340155492 1506.3285104646277 66.25464785888744 66.25464785888744
12 1863.904083000144 1473.2011865351842 62.357315631893925 62.357315631893925
6 1409.8648785554167 1498.533846010641 120.81729903679434 120.81729903679434
5 1770.3681095523034 1488.7905154431578 116.91996680980128 116.91996680980128
7 1421.5568752363968 2110.4150056486005 120.81729903679434 120.81729903679434
8 1772.3167756658 2102.6203411946135 120.81729903679434 120.81729903679434
10 1417.659543009403 2543.0188828448645 97.43330567483372 97.43330567483372
9 1815.1874301627272 2527.4295539368914 97.43330567483417 97.43330567483417
