0 1390.1475595913732 272.88081725312145 202.51532349602712 202.51532349602724
13 1409.8178256611163 470.9265426052889 130.31929480901067 130.31929480901073
3 1218.781586679726 1168.430950048972 79.96865817825665 79.96865817825665
1 1602.3349657198823 592.3604309500488 165.86092066601373 165.86092066601378
11 1751.9059745347697 1124.0039177277179 133.28109696376123 133.28109696376123
12 1854.0881488736532 1457.2066601371205 106.62487757100916 106.62487757100871
6 1297.269343780607 1409.8178256611168 130.31929480901067 130.31929480901067
5 1603.815866797257 1426.1077375122427 174.74632713026426 174.74632713026404
7 1380.1998041136142 2126.5739471106763 148.09010773751243 148.09010773751243
10 1403.894221351616 2612.309500489716 124.39569049951024 124.39569049951024
9 1606.7776689520074 2693.7590597453477 133.281096963761 133.28109696376123
8 1626.029382957884 2159.1537708129285 165.86092066601373 165.86092066601395
2 1255.106796116505 671.5922330097087 146.79611650485458 146.79611650485435
