0 1495.4392113910187 380.8981380065718 132.48630887185118 132.486308871851
2 1208.9375684556408 813.1347207009858 155.67141292442489 155.67141292442489
1 1793.5334063526827 831.3515881708652 172.23220153340617 172.23220153340628
3 1111.2289156626507 1328.1752464403066 112.61336254107323 112.61336254107346
11 1914.4271631982479 1306.6462212486313 115.9255202628699 115.92552026286967
4 1167.5355969331872 1652.7667031763417 86.11610076670331 86.11610076670331
12 1846.5279299014242 1646.1423877327493 92.7404162102955 92.7404162102955
6 1250.339539978094 1603.084337349398 192.1051478641839 192.1051478641839
5 1719.0098576122678 1591.4917853231104 195.41730558598033 195.41730558598033
7 1376.2015334063526 2252.2672508214673 139.11062431544337 139.1106243154436
8 1636.2059145673602 2247.2990142387735 149.04709748083224 149.04709748083224
10 1415.947426067908 2765.651697699891 79.49178532311066 79.49178532311043
9 1586.5235487404166 2790.4928806133626 89.42825848849952 89.42825848849952
13 1495.6852481035467 632.6600183494015 102.44348382526164 102.44348382526152
