0 1370.5070729053327 467.25571273122944 289.56692056583256 289.56692056583233
13 1377.0881392818276 684.4309031556038 138.20239390642018 138.20239390642007
2 1150.0413492927132 908.1871599564778 157.94559303590881 157.9455930359086
1 1630.4591947769327 895.0250272034829 177.688792165397 177.688792165397
3 1056.2611534276377 1360.6354733405874 134.91186071817185 134.91186071817174
11 1748.9183895538629 1342.5375408052232 125.04026115342776 125.04026115342776
4 1136.879216539717 1658.4287268770408 85.5538628944505 85.5538628944505
12 1745.6278563656156 1648.5571273122962 78.9727965179543 78.97279651795452
6 1204.335146898805 1712.722524483137 128.33079434167576 128.33079434167576
5 1668.3003264417862 1702.8509249183903 141.49292709466795 141.49292709466772
7 1276.7268770402602 2301.7279651795434 167.8171926006528 167.81719260065302
8 1599.1991294885738 2311.5995647442883 167.81719260065302 167.81719260065347
10 1294.824809575627 2780.5005440696405 111.87812840043534 111.87812840043534
9 1581.1011969532121 2806.8248095756253 118.45919477693133 118.45919477693133
