9 2061.8181818181815 2483.818675889328 140.44268774703573 140.39624505928896
10 1700.2529644268773 2570.446146245059 146.41897233201553 146.37055335968353
8 1946.7747035573125 2019.3162055335968 143.43083003952597 143.38339920948647
7 1650.9486166007905 2138.802371541502 155.38339920948602 155.33201581027652
5 1987.114624505929 1486.1091897233205 152.39525691699623 152.34486166007923
6 1570.2687747035575 1502.5385375494072 179.28853754940747 179.22924901185797
4 1322.2529644268775 1496.564229249012 119.52569169960475 119.48616600790501
11 2033.4308300395255 1162.0029644268775 149.40711462450577 149.35770750988172
3 1404.4268774703557 1184.40662055336 164.3478260869565 164.29347826086973
2 1517.9762845849802 760.2307312252965 158.37154150197648 158.31916996047437
13 1701.7470355731225 567.5592885375495 155.38339920948624 155.33201581027663
0 1703.2411067193675 389.8236166007905 200.20553359683822 200.13932806324118
1 1953.0715096481294 825.2343927355287 154.46083995459708 154.40976163450648
