0 1158.672038678485 411.8098307816275 194.93956486704292 194.93956486704275
13 1172.0741337630943 629.8984689766316 119.40048348106347 119.4004834810637
2 958.8589846897663 828.4931506849315 155.9516518936341 155.9516518936341
1 1382.8525382755843 799.2522159548753 165.69863013698637 165.69863013698648
3 914.9975825946817 1252.4867042707494 102.34327155519725 102.34327155519713
11 1460.8283642224012 1228.1192586623688 131.58420628525346 131.58420628525346
4 961.2957292506044 1576.5737308622079 82.84931506849318 82.8493150684933
12 1497.3795326349718 1574.13698630137 82.8493150684933 82.84931506849307
6 1008.812248186946 1526.6204673650282 138.89443996776777 138.89443996776777
5 1379.1974214343272 1514.4367445608382 158.38839645447229 158.38839645447229
7 1111.1555197421435 2111.4391619661565 143.76792908944412 143.7679290894439
8 1270.7622884770346 2098.037066881547 160.82514101531024 160.82514101531
10 1125.7759871071717 2581.7308622078967 109.65350523771144 109.65350523771122
9 1246.3948428686545 2624.3738920225624 102.34327155519759 102.34327155519713
