0 1111.482902524779 433.4745718777367 115.22059969879433 115.2205996987941
13 1107.5676394282186 609.6614112229802 78.30526193121932 78.3052619312192
2 940.3299728751147 755.6447923947527 88.37308132237581 88.37308132237604
1 1231.7374119191522 726.0006575207914 107.39007350567226 107.39007350567226
3 910.6858380011524 1036.9844120476341 87.25443472335871 87.25443472335871
11 1257.466283696552 1032.5098256515644 107.39007350567226 107.39007350567215
4 943.1265893726578 1269.6629046432572 51.457743554801255 51.457743554801255
12 1301.65282435774 1297.0697463191832 72.7120289361319 72.71202893613213
6 982.2792203382676 1183.5271165189147 100.67819391156763 100.67819391156763
5 1210.4831265378218 1186.8830563159677 109.62736670370714 109.62736670370691
7 1001.2962125215636 1627.6298163288313 107.39007350567215 107.39007350567226
8 1182.516961562385 1685.7994394777384 116.33924629781154 116.33924629781154
10 954.87237866234 1976.0882319227558 81.66120172827175 81.66120172827186
9 1169.6525256736847 2055.5121404529928 86.13578812434116 86.13578812434116
