0 1559.810276679842 473.62055335968387 164.3478260869565 164.34782608695656
13 1564.292490118577 690.2608695652175 143.43083003952574 143.43083003952563
2 1329.7233201581028 853.1146245059289 146.41897233201598 146.41897233201576
1 1710.711462450593 899.4308300395257 149.40711462450577 149.40711462450577
3 1231.114624505929 1298.3478260869565 140.44268774703573 140.4426877470355
11 1782.426877470356 1329.7233201581028 179.28853754940724 179.288537549407
4 1253.5256916996047 1565.786561264822 149.407114624506 149.40711462450577
12 1845.1778656126485 1679.335968379447 155.38339920948624 155.38339920948624
5 1668.8774703557312 1592.679841897233 143.43083003952552 143.43083003952552
7 1340.1818181818182 2052.8537549407115 161.3596837944665 161.35968379446672
8 1636.0079051383398 2103.6521739130435 161.35968379446604 161.35968379446626
10 1258.00790513834 2553.367588932806 176.30039525691723 176.30039525691745
9 1535.9051383399205 2675.881422924901 152.39525691699578 152.39525691699555
6 1346.41011476737 1540.3333492071051 149.40711462450577 149.40711462450577
