0 1113.771270718232 156.5872928176795 162.4740331491712 162.47403314917116
13 1118.4806629834252 359.0911602209944 87.12375690607746 87.1237569060774
2 928.9276243093923 480.3580110497237 160.1193370165746 160.11933701657455
1 1292.72817679558 476.82596685082876 134.217679558011 134.21767955801107
3 881.8337016574585 838.2718232044199 145.9911602209944 145.9911602209944
11 1378.6745856353587 805.3060773480663 127.15359116022114 127.15359116022103
4 815.9022099447512 1061.9679558011048 127.15359116022091 127.1535911602208
6 986.617679558011 1008.9872928176795 190.73038674033137 190.73038674033137
5 1311.5657458563533 1006.632596685083 162.47403314917142 162.47403314917153
7 984.2629834254142 1576.4690607734806 176.60220994475128 176.6022099447514
8 1232.6834254143646 1542.3259668508285 174.2475138121547 174.2475138121547
10 1040.7756906077348 1972.0580110497235 143.6364640883977 143.63646408839782
9 1261.2923857868018 1887.611675126903 118.989847715736 118.98984771573578
