0 1184.9053318824817 165.2317736670294 235.19477693144722 235.19477693144728
13 1205.7453754080525 403.4036996735582 128.01741022850933 128.01741022850922
2 937.8019586507079 629.6670293797606 199.46898803046793 199.46898803046793
1 1484.1088139281828 610.3155603917301 190.537540805223 190.53754080522287
3 884.2132752992397 1114.9423286180622 133.97170837867247 133.97170837867247
11 1570.4461371055497 1033.0707290533194 136.94885745375404 136.94885745375393
4 897.6104461371056 1369.4885745375404 113.13166485310137 113.13166485310126
12 1568.957562568009 1376.9314472252445 110.15451577801946 110.15451577801946
6 1007.7649619151259 1327.8084874863985 130.9945593035909 130.99455930359068
5 1461.78019586507 1326.3199129488576 139.9260065288354 139.9260065288354
7 1120.8966267682267 1923.238302502723 160.76605005440683 160.76605005440683
8 1375.4428726877045 1921.7497279651798 157.7889009793255 157.78890097932526
10 1174.4853101196954 2456.147986942329 119.0859630032644 119.08596300326462
9 1345.671381936888 2454.659412404788 116.10881392818283 116.10881392818283
