0 1509.9372442019098 286.72305593451574 210.4010914051844 210.40109140518427
13 1509.9372442019098 579.6343792633015 144.39290586630273 144.39290586630278
1 1726.526603001364 792.0982264665756 214.52660300136426 214.52660300136438
4 1113.888130968622 1623.3888130968621 127.89085948158254 127.89085948158254
3 1151.0177353342428 1260.343792633015 136.14188267394252 136.14188267394275
6 1340.7912687585267 1578.0081855388812 218.65211459754437 218.65211459754414
5 1683.2087312414733 1615.137789904502 235.15416098226456 235.15416098226456
11 1809.0368349249657 1283.0341064120053 90.76125511596183 90.76125511596183
7 1425.3642564802183 2219.525238744884 214.52660300136404 214.5266030013645
8 1716.212824010914 2143.2032742155525 185.648021828104 185.648021828104
10 1450.1173260572987 2764.0927694406546 140.26739427012262 140.26739427012217
9 1703.8362892223738 2667.1432469304227 111.38881309686212 111.38881309686212
2 1262.634352772884 785.6821547305261 200.73317527384484 200.7331752738446
