0 1268.8254545454545 179.19030303030306 158.1090909090908 158.10909090909098
13 1263.5551515151512 355.7454545454545 100.13575757575745 100.13575757575757
2 1061.9660606060604 525.7127272727273 155.4739393939393 155.47393939393947
1 1451.9684848484849 523.0775757575759 150.2036363636364 150.2036363636364
3 944.7018181818182 843.2484848484848 94.86545454545455 94.86545454545455
11 1569.2327272727273 843.248484848485 94.86545454545467 94.86545454545467
4 956.56 1050.1078787878787 71.14909090909089 71.149090909091
12 1554.7393939393937 1055.378181818182 71.149090909091 71.14909090909089
6 1079.0945454545454 1193.7236363636364 147.5684848484848 147.5684848484848
5 1445.3806060606062 1188.4533333333334 147.5684848484848 147.568484848485
7 1133.1151515151514 1664.0981818181817 123.85212121212089 123.85212121212112
8 1397.9478787878788 1662.7806060606058 126.48727272727274 126.48727272727251
10 1152.878787878788 2000.08 73.7842424242424 73.7842424242424
9 1350.5151515151515 2005.3503030303032 73.7842424242424 73.7842424242424
