0 1794.7636363636361 477.16363636363633 282.76363636363635 282.76363636363635
13 1794.7636363636364 708.8727272727274 141.3818181818183 141.3818181818183
2 1535.5636363636363 913.090909090909 172.79999999999995 172.79999999999995
1 2038.2545454545455 936.6545454545455 188.5090909090909 188.50909090909101
3 1433.4545454545455 1290.109090909091 133.5272727272727 133.5272727272727
4 1407.9272727272728 1645.5272727272727 113.89090909090919 113.89090909090919
12 2083.418181818182 1669.090909090909 82.47272727272707 82.47272727272707
6 1553.2363636363636 1590.5454545454545 200.29090909090883 200.29090909090905
5 1963.6363636363635 1600.3636363636365 212.0727272727272 212.07272727272743
7 1629.8181818181818 2338.6909090909094 141.3818181818183 141.38181818181874
8 1859.5636363636363 2332.7999999999997 145.30909090909086 145.30909090909063
10 1651.418181818182 2957.2363636363634 106.0363636363636 106.0363636363636
9 1818.3272727272727 2951.3454545454547 109.96363636363594 109.9636363636364
11 2138.467132867133 1343.194405594405 129.5999999999999 129.5999999999999
