0 1318.118615209989 291.60612939841087 176.73098751418866 176.7309875141884
13 1285.7179341657206 480.11918274687855 106.03859250851292 106.03859250851298
2 1036.8217934165718 637.7043132803632 156.11237230419988 156.11237230419965
1 1460.9761634506235 675.9960272417709 156.11237230419965 156.11237230419977
3 942.5652667423376 1011.7849035187292 156.11237230419965 156.11237230419977
11 1478.6492622020423 1050.0766174801358 138.43927355278083 138.43927355278095
12 1421.4353490599492 1350.2397240042333 103.8758783500059 103.8758783500059
6 994.111804767309 1354.9375709421108 153.16685584562993 153.16685584562993
5 1365.246878547105 1346.1010215664016 153.16685584562993 153.16685584562993
7 1036.8217934165723 1883.6577752553922 138.43927355278095 138.43927355278083
8 1278.3541430192963 1883.6577752553922 138.43927355278083 138.43927355278083
10 1013.2576617480142 2407.9597048808187 138.43927355278095 138.43927355278083
9 1243.0079455164594 2396.1776390465393 132.54824063564138 132.54824063564092
4 900.3459277910601 1306.9531028030478 69.74915284184101 69.74915284184112
