13 1412.471055618615 518.1186152099885 130.7253121452893 130.72531214528942
2 1151.0204313280362 722.1776390465379 162.60953461975032 162.6095346197502
1 1651.6027241770705 754.061861520999 168.98637911464266 168.98637911464255
3 1052.1793416572077 1187.6872871736668 117.97162315550509 117.97162315550509
11 1677.11010215664 1213.1946651532348 105.21793416572086 105.21793416572086
4 980.4398410896707 1425.2247446083995 89.27582292849024 89.27582292849047
12 1627.689557321226 1457.1089670828603 82.8989784335979 82.89897843359813
7 1203.6293984108966 2078.851305334847 127.53688989784337 127.5368898978436
8 1445.9494892167993 2043.7786606129396 114.78320090805892 114.78320090805892
10 1174.9335981838817 2582.6220204313277 89.27582292849024 89.27582292849002
9 1461.89160045403 2522.0419977298525 95.65266742338235 95.65266742338235
0 1431.0232968329215 281.73774231599566 190.71766486390266 190.71766486390254
6 1164.908823529412 1440.3009803921566 151.46568627450984 151.4656862745096
5 1518.7877450980393 1466.4632352941176 154.21960784313706 154.21960784313706
