0 874.5425652667423 205.51191827468784 111.69125993189562 111.69125993189559
13 885.381894892035 325.32064360156846 65.65946132537215 65.65946132537215
2 722.4720993394606 465.9309994587334 94.15318982506199 94.15318982506199
1 1040.8585438794732 448.5869908067482 104.06405191191061 104.06405191191061
3 721.2332415786047 757.062573259912 74.33146565136474 74.33146565136485
11 1101.5625741614208 760.77914654248 79.286896694789 79.286896694789
6 799.2812805125377 854.9323363675419 118.9303450421836 118.9303450421836
5 1038.380828357761 853.6934786066861 113.97491399875958 113.97491399875923
7 832.7304400556517 1262.5165396891919 94.15318982506187 94.15318982506187
8 1012.3648153797831 1266.2331129717604 96.63090534677394 96.63090534677394
10 850.6938775880647 1623.6435769787377 53.270883716811454 53.27088371681134
9 1015.4619597819237 1632.3155813047326 53.27088371681157 53.27088371681157
