0 1506.5635359116022 436.1104972375691 210.29834254143657 210.2983425414365
2 1168.707182320442 863.6022099447513 237.87845303867402 237.87845303867402
1 1828.9060773480664 865.3259668508285 248.2209944751378 248.22099447513767
6 1284.198895027624 1506.5635359116022 199.95580110497212 199.9558011049719
5 1697.900552486188 1513.4585635359117 213.74585635359108 213.74585635359108
7 1325.5690607734807 2275.3591160220994 227.53591160220958 227.53591160221004
3 1138.8853099113355 1257.8069777512912 122.43063702994368 122.43063702994368
11 1884.754045237035 1271.9540754566929 118.32171434236693 118.32171434236693
4 1131.9815029473355 1576.5498221662813 88.99150891998079 88.99150891998079
12 1880.100779524595 1583.9628547963832 84.86502755302399 84.86502755302399
8 1611.7214865220112 2281.5663967519163 184.8253694261291 184.82536942612933
10 1345.7484047129208 2761.0286098767724 111.23938614997633 111.23938614997678
9 1599.317078929906 2770.399218473689 106.54957610546421 106.54957610546398
13 1516.5158011211602 676.1959279981555 135.0442128319321 135.0442128319321
