0 1514.0627557980902 377.48431105047746 169.14597544338335 169.14597544338335
13 1497.5607094133695 575.5088676671214 119.63983628922233 119.63983628922222
2 1237.6534788540246 777.6589358799454 185.64802182810354 185.64802182810354
1 1751.2796725784451 787.9727148703956 198.02455661664385 198.02455661664385
11 1872.9822646657572 1210.837653478854 136.14188267394252 136.14188267394275
4 1091.1978171896317 1476.9331514324695 99.01227830832181 99.01227830832181
12 1881.2332878581174 1462.4938608458392 94.88676671214216 94.88676671214216
6 1299.5361527967257 1590.3847203274213 160.89495225102314 160.89495225102314
5 1710.0245566166436 1588.3219645293314 189.77353342428387 189.77353342428387
7 1295.4106412005458 2134.9522510231923 218.65211459754414 218.6521145975439
8 1674.957708049113 2163.8308321964532 210.4010914051844 210.40109140518462
10 1245.9045020463848 2535.1268758526603 111.38881309686212 111.38881309686212
9 1695.5852660300134 2559.8799454297414 103.13778990450214 103.13778990450237
3 1096.4870382272416 1169.0027031252293 123.76534788540243 123.76534788540243
