0 1457.281036834925 306.2953615279672 194.0504774897679 194.050477489768
13 1451.5736698499315 502.2482946793997 129.36698499317845 129.36698499317868
2 1236.5961800818554 622.1030013642564 140.78171896316508 140.7817189631652
1 1653.2339699863574 643.0300136425649 159.80627557980938 159.80627557980927
3 1086.3021828103683 1061.5702592087318 121.757162346521 121.75716234652123
4 1038.7407912687586 1364.0607094133698 87.51296043656214 87.51296043656203
11 1700.7953615279673 1097.7169167803545 117.95225102319228 117.95225102319205
6 1293.6698499317872 1318.4017735334241 224.48976807639838 224.48976807639815
5 1582.8431105047748 1303.1821282401093 148.39154160982253 148.39154160982275
7 1293.6698499317872 2029.9201909959074 171.2210095497951 171.2210095497951
8 1571.4283765347886 1984.2612551159623 163.61118690313788 163.61118690313765
10 1333.6214188267395 2587.3396998635735 98.92769440654843 98.9276944065482
9 1592.3553888130969 2541.6807639836293 98.92769440654843 98.92769440654865
