0 2178.6566403757647 1049.245446920779 159.38714814556624 159.38714814556636
13 2168.5138218574107 1302.8159098796343 98.53023703544113 98.53023703544113
2 1910.596436676403 1546.2435543201357 150.69330370126227 150.69330370126227
1 2417.7373625941145 1549.1415024682367 162.28509629366772 162.28509629366727
3 1807.7192774188102 2115.6903654220223 107.22408147974443 107.2240814797442
11 2516.267599629555 2102.6495987555672 104.32613333164318 104.32613333164318
4 1784.5356922340006 2434.4646617131552 84.04049629493488 84.04049629493511
12 2538.0022107403147 2446.05645430556 78.24459999873261 78.24459999873261
5 2394.5537774093036 2398.2403098618906 144.89740740506113 144.89740740506113
7 1983.045140378933 3232.8493765150374 133.3056148126559 133.30561481265613
8 2316.3091774105724 3232.849376515037 139.10151110885772 139.10151110885772
10 2051.1469218593115 3779.1126024321147 101.42818518354215 101.42818518354261
9 2227.9217588934853 3782.0105505802153 113.01997777594715 113.01997777594715
6 1932.328054909552 2395.336375958568 144.89740740506022 144.89740740506022
