0 1493.9020674646367 416.25244831338375 213.88465723612626 213.8846572361262
13 1497.1926006528831 626.8465723612621 128.33079434167576 128.33079434167576
2 1275.0816104461376 812.7616974972796 171.107725788901 171.107725788901
1 1679.817192600653 839.0859630032659 171.107725788901 171.107725788901
3 1166.4940152339495 1306.3416757344949 151.36452665941238 151.36452665941238
11 1747.273122959738 1317.8585418933626 161.23612622415658 161.23612622415658
4 1217.497279651795 1554.7769314472253 108.5875952121869 108.5875952121869
12 1801.566920565834 1645.2665941240475 111.87812840043489 111.87812840043512
6 1250.4026115342772 1581.1011969532103 148.07399347116439 148.0739934711646
5 1635.394994559306 1645.2665941240525 171.107725788901 171.107725788901
7 1212.5614798694232 2125.684439608271 171.107725788901 171.107725788901
8 1521.8715995647449 2207.947769314475 171.10772578890078 171.107725788901
10 1138.5244831338425 2719.6256800870515 128.33079434167576 128.33079434167576
9 1403.412404787813 2833.14907508161 138.20239390641996 138.20239390641973
