0 1228.2910840268091 165.28613819760065 135.66662306684225 135.66662306684248
13 1215.5489150094813 292.70782837087813 110.18228503218666 110.18228503218691
2 965.5728031816792 424.5024008889603 87.81289559072684 87.8128955907269
1 1413.3067071331252 446.0361364319095 95.08402707276173 95.08402707276184
3 877.196875494059 763.8260675009142 75.37292109656971 75.37292109656971
11 1454.8143573591183 804.6530664282229 72.95712234347457 72.95712234347457
4 867.3759140324967 974.689691635024 69.68018172192922 69.68018172192922
12 1407.5068824116017 1034.0712301464796 66.61250076561782 66.61250076561794
6 983.5352315683037 985.5045657440778 109.81206663856301 109.8120666385629
5 1316.133559057355 1019.1381044789259 94.2888949147873 94.28889491478742
7 983.1083899184999 1597.7783789929179 148.53597909937776 148.53597909937798
8 1214.235495327446 1600.3393441498038 147.25549652093514 147.25549652093514
10 987.9101995876609 1942.548313238673 99.2373998293258 99.2373998293258
9 1151.4918489837432 1946.0696403293905 107.56053658920496 107.56053658920496
