0 1572.9193129343507 256.97830657229156 232.66958605304467 232.6695860530447
13 1608.4660552480102 473.49028248276375 187.42827765384163 187.42827765384163
2 1382.2595132519946 719.0859566498666 239.1326301100737 239.13263011007382
1 1841.1356413010546 725.5490007068955 239.13263011007348 239.1326301100737
3 1311.1660286246752 1216.7403490411011 161.57610142572548 161.57610142572548
11 1980.0910885271785 1219.9718710696156 168.03914548275452 168.03914548275452
4 1411.3432115086252 1549.5871179780956 129.26088114058052 129.2608811405803
12 2015.6378308408382 1559.2816840636387 148.6500133116674 148.6500133116674
6 1466.2790859933716 1565.7447281206682 200.35436576789948 200.35436576789948
5 1837.9041192725404 1575.4392942062118 245.59567416710297 245.5956741671032
7 1498.5943062785168 2192.6600016524826 187.4282776538414 187.42827765384163
8 1760.347590588192 2202.3545677380266 193.89132171087 193.89132171087022
10 1475.9736520789152 2674.156783901145 168.03914548275475 168.03914548275498
9 1734.4954143600762 2761.407878671037 155.11305736869645 155.11305736869645
