0 1579.010475423046 573.853344077357 192.5028203062045 192.50282030620468
2 1345.0829975825945 929.6180499597099 138.89443996776777 138.89443996776788
1 1786.133763094279 929.6180499597099 143.7679290894439 143.7679290894439
3 1245.1764705882354 1343.8646253021757 129.14746172441573 129.14746172441573
4 1203.7518130539888 1616.7800161160353 90.15954875100738 90.15954875100738
11 1829.9951651893634 1351.1748589846898 104.78001611603554 104.78001611603554
12 1808.0644641418212 1599.722804190169 70.66559226430286 70.66559226430286
6 1345.0829975825945 1619.2167606768735 153.51490733279593 153.51490733279593
5 1723.9967767929088 1598.5044319097506 136.45769540693004 136.45769540693004
7 1395.0362610797742 2141.898468976632 151.0781627719582 151.07816277195843
8 1672.8251410153102 2158.955680902498 175.4456083803384 175.4456083803384
10 1413.3118452860597 2664.5801772763903 99.90652699435941 99.90652699435941
9 1665.5149073327962 2631.6841257050764 102.34327155519736 102.34327155519759
13 1572.1247782984738 799.0533191471028 108.22884707046819 108.22884707046819
